[ 13643.17300686]
[ 13634.5174832]
[ 13670.33123781]
[ 13678.73464718]
[ 13641.54372334]
[ 13658.66077808]
[ 13694.71229655]
[ 13700.95706344]
[ 13760.68492183]
[ 13723.86795353]
[ 13692.6988146]
[ 13672.22874202]
[ 13734.56308161]
[ 13698.07153256]
[ 13802.57142171]
[ 13836.28715188]
[ 13701.02508508]
[ 13687.64495538]
[ 13764.21874396]
[ 13669.14105402]
[ 13652.79702744]
[ 13661.77743737]
[ 13650.59669536]
[ 13676.35274613]
[ 13719.52322721]
[ 13738.98781173]
[ 13684.61441598]
[ 13878.80344234]
[ 13734.54889347]
[ 14419.38095235]
[ 16742.16338771]
[ 18398.08692836]
[ 17358.37033282]
[ 14276.49523283]
[ 14497.46508993]
[ 15584.2073275]
[ 13991.11320512]
[ 14000.93264096]
[ 14913.02075107]
[ 15770.15420759]
[ 16302.51094073]
[ 15681.4142917]
[ 14076.47171425]
[ 13765.42612966]
[ 13734.03814648]
[ 13894.28738327]
[ 13765.99947825]
[ 13746.64906881]
[ 13999.13896093]
[ 13753.46123987]
[ 13721.31158573]
[ 13690.17695233]
[ 13687.29358154]
[ 13633.93723177]
[ 13653.53025101]
[ 13695.64895143]
[ 13697.45907073]
[ 13687.316449]
[ 13642.66218215]
[ 13638.80648958]
[ 13659.38770664]
[ 13782.6732612]
[ 13796.24902385]
[ 13709.53851861]
[ 13663.61167647]
[ 13676.50671707]
[ 13656.23482815]
[ 13660.87367197]
[ 13652.62283245]
[ 13635.81238155]
[ 13643.39087949]
[ 13635.40893237]
[ 13637.11585338]
[ 13634.17111283]
[ 13658.78145446]
[ 13664.05922062]
[ 13629.38392395]
[ 13640.5610518]
[ 13658.56331134]
[ 13637.31721093]
[ 13635.53738275]
[ 13630.67773733]
[ 13630.0208789]
[ 13631.15827468]
[ 13635.26349375]
[ 13631.57569439]
[ 13629.27244099]
[ 13629.88487505]
[ 13631.62680756]
[ 13630.74052695]
[ 13647.92237185]
[ 13633.73690296]
[ 13635.01189005]
[ 13628.95363308]
[ 13631.38775914]
[ 13637.31863015]
[ 13633.9007649]
[ 13632.22311539]
[ 13655.31877543]
[ 13681.37694308]
[ 13645.64043346]
[ 13634.57167966]
[ 13629.76982794]
[ 13629.4196851]
[ 13629.79600501]
[ 13629.13668201]
[ 13630.47751754]
[ 13633.8397518]
[ 13632.60769329]
[ 13629.70434818]
[ 13628.35847559]
[ 13628.40803077]
[ 13631.7068203]
[ 13631.77366181]
[ 13631.8844845]
[ 13628.88744407]
[ 13628.75134732]
[ 13629.62339912]
[ 13630.47914402]
[ 13629.06487052]
[ 13628.62960545]
[ 13628.43886057]
[ 13628.46647957]
[ 13628.60271123]
[ 13628.46883099]
[ 13628.41440074]
[ 13628.63679469]
[ 13629.41899863]
[ 13629.59936873]
[ 13628.429449]
[ 13628.35086495]
[ 13628.61066585]
[ 13628.86518461]
[ 13628.422266]
[ 13628.40213798]
[ 13628.58723127]
[ 13628.52885679]
[ 13628.46800326]
[ 13628.42271042]
[ 13628.41669617]
[ 13628.38020778]
[ 13628.37261767]
[ 13628.37758538]
[ 13628.30862775]
[ 13628.3454234]
[ 13628.38984037]
[ 13628.37669573]
[ 13628.29878088]
[ 13628.30112952]
[ 13628.22684008]
[ 13628.28240504]
[ 13628.34969709]
[ 13628.42673985]
[ 13628.38697378]
[ 13628.41685137]
[ 13628.40675468]
[ 13628.37741511]
[ 13628.3538332]
[ 13628.33600269]
[ 13628.3421111]
[ 13628.29471093]
[ 13628.32434057]
[ 13628.3359229]
[ 13628.36617888]
[ 13628.34189331]
[ 13628.36667713]
[ 13628.36561833]
[ 13628.31412965]
[ 13628.32582316]
[ 13628.36965895]
[ 13628.32829582]
[ 13628.32842691]
[ 13628.2881435]
[ 13628.30103787]
[ 13628.30160137]
[ 13628.32269377]
[ 13628.27587417]
[ 13628.30200255]
[ 13628.2995975]
[ 13628.3056702]
[ 13628.32059339]
[ 13628.28146872]
[ 13628.29563436]
[ 13628.33213592]
[ 13628.39123888]
[ 13628.3971377]
[ 13628.37369613]
[ 13628.37612888]
[ 13628.28077677]
[ 13628.32314926]
[ 13628.36834535]
[ 13628.39020124]
[ 13628.36674408]
[ 13628.36331968]
[ 13628.32207579]
[ 13628.3019902]
[ 13628.36046504]
[ 13628.30670459]
[ 13628.30642019]
[ 13628.30620918]
[ 13628.3009617]
[ 13628.26969426]
[ 13628.30814367]
[ 13628.34676743]
[ 13628.36693451]
[ 13628.34950566]
[ 13628.33689286]
[ 13628.28157218]
[ 13628.28750906]
[ 13628.31639069]
[ 13628.30277076]
[ 13628.32167318]
[ 13628.38523095]
[ 13628.37448589]
[ 13628.36596556]
[ 13628.35818717]
[ 13628.37003209]
[ 13628.37428848]
[ 13628.37665934]
[ 13628.28809719]
[ 13628.31624766]
[ 13628.3113075]
[ 13628.32122211]
[ 13628.32827943]
[ 13628.77812296]
[ 13628.7152706]
[ 13628.43772164]
[ 13628.35420042]
[ 13628.37543075]
[ 13628.37180475]
[ 13628.36167108]
[ 13628.33348654]
[ 13628.33341895]
[ 13628.34104414]
[ 13628.34515747]
[ 13628.32902959]
[ 13628.31117875]
[ 13628.37065825]
[ 13628.41794261]
[ 13628.38451768]
[ 13628.37507633]
[ 13628.34716905]
[ 13628.28969927]
[ 13628.35140498]
[ 13628.35755216]
[ 13628.32448982]
[ 13628.27318925]
[ 13628.24194749]
[ 13628.17741482]
[ 13628.25390029]
[ 13628.43890928]
[ 13628.25777449]
[ 13628.63445794]
[ 13628.4419128]
[ 13628.45278729]
[ 13628.40036723]
[ 13628.35598553]
[ 13628.35873099]
[ 13628.35753637]
[ 13628.33129028]
[ 13628.35505958]
[ 13628.34768232]
[ 13628.27837858]
[ 13628.39680417]
[ 13628.63273834]
[ 13628.66678733]
[ 13629.98456122]
[ 13629.24076901]
[ 13628.4752453]
[ 13628.32744214]
[ 13628.25234379]
[ 13628.30749386]
[ 13628.42135941]
[ 13628.49357967]
[ 13628.52358678]
[ 13628.60244976]
[ 13628.5346841]
[ 13628.3485041]
[ 13629.13884155]
[ 13646.87436162]
[ 13630.24440997]
[ 13630.75141733]
[ 13630.64935268]
[ 13628.36456451]
[ 13629.37447662]
[ 13633.87496064]
[ 13645.18906598]
[ 13630.86952555]
[ 13628.54479135]
[ 13628.78435227]
[ 13630.81181385]
[ 13630.70017979]
[ 13629.33764353]
[ 13629.0217359]
[ 13629.24618811]
[ 13630.14611425]
[ 13630.6476692]
[ 13629.85459606]
[ 13632.81925062]
[ 13633.33952931]
[ 13631.21842037]
[ 13630.53795453]
[ 13634.60774244]
[ 13631.91977414]
[ 13632.56394125]
[ 13631.23113325]
[ 13649.36748376]
[ 13703.8200323]
[ 13745.15910178]
[ 13875.56081185]
[ 13656.22124788]
[ 13665.08126765]
[ 13640.97447722]
[ 13683.95017473]
[ 13735.46821202]
[ 13698.70023148]
[ 13691.78830148]
[ 13665.77182666]
[ 13709.08225481]
[ 14017.32550158]
[ 13636.02808232]
[ 13632.13659104]
[ 13629.3828569]
[ 13630.75017157]
[ 13630.21458257]
[ 13639.87393079]
[ 13643.62310135]
[ 13638.4219076]
[ 13635.53956874]
[ 13650.85947951]
[ 13663.38005027]
[ 13639.19452127]
[ 13638.46958078]
[ 13664.06154954]
[ 13681.04176632]
[ 13646.5505072]
[ 13661.19461149]
[ 13737.06439839]
[ 13694.93167098]
[ 13717.41672032]
[ 13692.53224694]
[ 13649.30979765]
[ 13660.51451325]
[ 13693.62884976]
[ 13751.69990822]
[ 13648.91801273]
[ 13691.40600361]
[ 13762.71431878]
[ 13692.35486948]
[ 13819.74125734]
[ 13665.0921572]
[ 13642.40596198]
[ 13660.14752696]
[ 13636.56354187]
[ 13633.10000728]
[ 13760.48858589]
[ 13704.86446874]
[ 13960.52125269]
[ 13652.10490562]
[ 13777.4745485]
[ 13915.9436585]
[ 13877.40355708]
[ 13757.76660749]
[ 13702.72711962]
[ 13639.64270805]
[ 13646.48020001]
[ 14403.76415333]
[ 14006.20092498]
[ 13677.81603552]
[ 13677.01311048]
[ 13801.56071029]
[ 14004.94700871]
[ 14920.19594744]
[ 13665.67735837]
[ 13678.18362708]
[ 13698.21861331]
[ 13718.80969624]
[ 13683.28801676]
[ 13665.24644251]
[ 13686.09062423]
[ 13714.78642566]
[ 13638.4962006]
[ 13656.80247367]
[ 13676.70762026]
[ 13662.00693448]
[ 13637.52492173]
[ 13871.67387067]
[ 14463.59041204]
[ 14844.821704]
[ 14972.12990238]
[ 14581.31175039]
[ 13741.26985724]
[ 13699.77851994]
[ 13656.31255998]
[ 13678.9701126]
[ 13638.31649995]
[ 13629.21380409]
[ 13632.10496798]
[ 13630.14896433]
[ 13629.33317835]
[ 13629.928255]
[ 13632.17083931]
[ 13633.71920327]
[ 13638.50235294]
[ 13662.45628044]
[ 13750.96099805]
[ 14154.47881158]
[ 13858.36929515]
[ 13647.70747816]
[ 13643.14254453]
[ 13644.43076628]
[ 13669.30921999]
[ 13685.22530599]
[ 13636.15996603]
[ 13632.64928787]
[ 13632.14275113]
[ 13634.58730503]
[ 13629.27848353]
[ 13629.59399255]
[ 13631.30180743]
[ 13630.96579141]
[ 13638.56059737]
[ 13633.53549847]
[ 13630.79765178]
[ 13634.95795072]
[ 13695.11458306]
[ 13644.09123373]
[ 13634.7972519]
[ 13632.06819539]
[ 13629.40468756]
[ 13631.04863387]
[ 13630.12305481]
[ 13631.02741175]
[ 13629.55188092]
[ 13628.61522379]
[ 13630.30844597]
[ 13629.42309554]
[ 13629.02932263]
[ 13629.16516613]
[ 13632.68697995]
[ 13632.82795107]
[ 13632.99825007]
[ 13634.32754568]
[ 13630.8538066]
[ 13630.21754897]
[ 13629.50668744]
[ 13634.52661583]
[ 13631.22405237]
[ 13631.10638582]
[ 13630.38841727]
[ 13630.65650325]
[ 13630.09538576]
[ 13631.66004059]
[ 13630.31256652]
[ 13628.46603719]
[ 13628.52286602]
[ 13628.38436568]
[ 13628.61887651]
[ 13628.63830508]
[ 13629.49988903]
[ 13630.08393301]
[ 13628.49660886]
[ 13628.73458548]
[ 13630.39403941]
[ 13629.70702889]
[ 13628.73331998]
[ 13629.64037918]
[ 13630.57852601]
[ 13632.30942595]
[ 13628.60402675]
[ 13629.36401619]
[ 13629.25433618]
[ 13630.55231567]
[ 13630.32134461]
[ 13629.91686522]
[ 13628.74625376]
[ 13628.51295691]
[ 13628.60712139]
[ 13628.76651071]
[ 13628.82876296]
[ 13628.45829752]
[ 13628.40634646]
[ 13628.61918331]
[ 13628.32276622]
[ 13628.36259804]
[ 13628.39768254]
[ 13628.49148398]
[ 13628.3700802]
[ 13628.39172452]
[ 13628.36168982]
[ 13628.40367189]
[ 13628.39291686]
[ 13628.38000307]
[ 13628.22555078]
[ 13628.35590687]
[ 13628.44421635]
[ 13628.3869507]
[ 13628.33249622]
[ 13628.39471408]
[ 13628.29343823]
[ 13628.37403154]
[ 13628.37181934]
[ 13628.44565393]
[ 13628.41711845]
[ 13628.38821463]
[ 13628.34891528]
[ 13628.28601855]
[ 13628.30623967]
[ 13628.36209317]
[ 13628.36106061]
[ 13628.38454713]
[ 13628.3543321]
[ 13628.35636431]
[ 13628.30874737]
[ 13628.28553608]
[ 13628.3365216]
[ 13628.30486115]
[ 13628.36195514]
[ 13628.37234107]
[ 13628.35455055]
[ 13628.34663152]
[ 13628.33416796]
[ 13628.36235791]
[ 13628.3809096]
[ 13628.35910453]
[ 13628.31245867]
[ 13628.32263224]
[ 13628.31717278]
[ 13628.35057182]
[ 13628.39853867]
[ 13628.32061295]
[ 13628.31614969]
[ 13628.35731777]
[ 13628.39507982]
[ 13628.37969721]
[ 13628.36213619]
[ 13628.35918049]
[ 13628.36501439]
[ 13628.2444631]
[ 13628.34186588]
[ 13628.37704338]
[ 13628.33638723]
[ 13628.34025157]
[ 13628.34866295]
[ 13628.35067136]
[ 13628.34564789]
[ 13628.34174571]
[ 13628.3222927]
[ 13628.28951728]
[ 13628.30933553]
[ 13628.36031338]
[ 13628.34611086]
[ 13628.39068462]
[ 13628.35131491]
[ 13628.3300935]
[ 13628.35310325]
[ 13628.17177796]
[ 13628.20648849]
[ 13628.2930304]
[ 13628.29110639]
[ 13628.38508239]
[ 13628.38453284]
[ 13628.37431944]
[ 13628.34249249]
[ 13628.35266144]
[ 13628.33969295]
[ 13628.32844183]
[ 13628.28112016]
[ 13628.315304]
[ 13628.3103249]
[ 13628.32440946]
[ 13628.34658932]
[ 13628.36290723]
[ 13628.36248725]
[ 13628.30033232]
[ 13628.31806408]
[ 13628.33303376]
[ 13628.36142634]
[ 13628.3737136]
[ 13628.35757398]
[ 13628.37183798]
[ 13628.39354715]
[ 13628.3847883]
[ 13628.38923484]
[ 13628.36601835]
[ 13628.35180879]
[ 13628.39692244]
[ 13628.25010424]
[ 13628.32368538]
[ 13628.31395532]
[ 13628.28594163]
[ 13628.26581059]
[ 13628.34959314]
[ 13628.41052958]
[ 13628.42691202]
[ 13628.50290857]
[ 13628.49887559]
[ 13628.51224814]
[ 13628.72580012]
[ 13628.3591965]
[ 13628.4076064]
[ 13628.4660954]
[ 13628.35029679]
[ 13628.36291875]
[ 13628.37468906]
[ 13628.36459058]
[ 13628.34909328]
[ 13628.34289839]
[ 13628.36848101]
[ 13628.33936498]
[ 13628.37264081]
[ 13628.4443537]
[ 13628.35762939]
[ 13628.33328103]
[ 13628.37630229]
[ 13628.41936213]
[ 13629.07533922]
[ 13628.83009784]
[ 13628.48774483]
[ 13628.85944215]
[ 13628.26876209]
[ 13628.43695111]
[ 13628.60870268]
[ 13628.63788497]
[ 13630.19239059]
[ 13629.35404901]
[ 13628.83395623]
[ 13629.65662405]
[ 13629.91324252]
[ 13629.80460198]
[ 13663.97574768]
[ 13652.14717195]
[ 13695.04405039]
[ 13635.05423004]
[ 13634.16073344]
[ 13789.5457695]
[ 13643.32106611]
[ 13658.42174275]
[ 13742.67300639]
[ 13721.98467754]
[ 13709.33994819]
[ 13839.57781361]
[ 14104.31630641]
[ 13960.67680497]
[ 13700.4412742]
[ 13666.42423063]
[ 13634.04622819]
[ 13650.18273173]
[ 13665.43940491]
[ 13689.35799414]
[ 13678.49272194]
[ 13700.19323249]
[ 13661.94513626]
[ 13672.41450482]
[ 13674.50967717]
[ 13651.71722929]
[ 13690.47326989]
[ 13673.70751644]
[ 13665.90944701]
[ 13654.49203996]
[ 13647.94448114]
[ 13658.59845579]
[ 13639.1761496]
[ 13651.57127767]
[ 13636.8040383]
[ 13635.54805174]
[ 13660.04043931]
[ 13631.01951487]
[ 13634.62023609]
[ 13639.75328903]
[ 13633.43506838]
[ 13636.57586983]
[ 13679.61319285]
[ 13632.02519248]
[ 13630.39928158]
[ 13632.33367551]
[ 13640.58849018]
[ 13645.26969899]
[ 13648.92339973]
[ 13650.71444693]
[ 13680.11034139]
[ 13632.74104808]
[ 13640.79644857]
[ 13648.50614217]
[ 13669.3447252]
[ 13712.9464164]
[ 13723.71681115]
[ 13642.10882004]
[ 13642.28571581]
[ 13633.23077238]
[ 13648.11746104]
[ 13654.75326935]
[ 13679.74792578]
[ 13859.86913257]
[ 13728.53102395]
[ 13641.77673047]
[ 13649.69633579]
[ 13637.20046845]
[ 13634.77405654]
[ 13644.2375039]
[ 13772.8597968]
[ 13774.51836939]
[ 13843.93285412]
[ 13707.03797512]
[ 13656.12804285]
[ 13665.60129648]
[ 13645.92267119]
[ 13637.39774891]
[ 13647.81307485]
[ 13648.28148721]
[ 13667.21004801]
[ 13639.33301]
[ 13630.32394316]
[ 13634.09360668]
[ 13643.14231633]
[ 13640.21184236]
[ 13653.80712784]
[ 13632.85943462]
[ 13656.75206736]
[ 13682.83349955]
[ 13641.46570121]
[ 13701.72936797]
[ 13736.79405345]
[ 13645.86994974]
[ 13652.38600198]
[ 13664.28994198]
[ 13741.34906991]
[ 13651.43576448]
[ 13638.67059549]
[ 13650.67321756]
[ 13639.84121411]
[ 13636.27605953]
[ 13643.50689122]
[ 13671.17779934]
[ 13651.87004918]
[ 13679.59369077]
[ 13646.46595451]
[ 13661.75253702]
[ 13657.95728558]
[ 13653.79371054]
[ 13645.35457891]
[ 13658.36168949]
[ 13634.74808942]
[ 13631.97366475]
[ 13648.17863429]
[ 13636.23563813]
[ 13631.54707917]
[ 13638.72002512]
[ 13639.61092404]
[ 13634.65091519]
[ 13637.0347311]
[ 13634.29385572]
[ 13633.82653089]
[ 13668.09481684]
[ 13703.87758884]
[ 13657.10616427]
[ 13630.66132562]
[ 13628.69397961]
[ 13630.96395942]
[ 13631.00421298]
[ 13630.23685173]
[ 13631.37337189]
[ 13633.0708246]
[ 13629.27219714]
[ 13629.24483181]
[ 13629.93528265]
[ 13630.24220366]
[ 13628.61282866]
[ 13628.69635074]
[ 13629.1063293]
[ 13629.11271729]
[ 13629.38853634]
[ 13630.36418643]
[ 13631.02434138]
[ 13628.54559635]
[ 13628.63557483]
[ 13628.69090584]
[ 13628.67367565]
[ 13629.06784335]
[ 13629.55361621]
[ 13630.15387961]
[ 13629.29557096]
[ 13629.34704757]
[ 13629.21372897]
[ 13628.75949731]
[ 13628.62754162]
[ 13628.63932943]
[ 13630.10590288]
[ 13630.43492737]
[ 13628.89550186]
[ 13628.66814245]
[ 13628.63466326]
[ 13628.45391526]
[ 13628.64425639]
[ 13628.47216629]
[ 13628.40221626]
[ 13629.89779604]
[ 13629.65030263]
[ 13629.02348569]
[ 13629.25293981]
[ 13628.97267948]
[ 13631.51856888]
[ 13629.03310994]
[ 13628.47969709]
[ 13628.36064832]
[ 13628.44762865]
[ 13628.87149092]
[ 13628.53389319]
[ 13628.49400504]
[ 13628.80150344]
[ 13628.7412591]
[ 13628.49902001]
[ 13628.61962048]
[ 13628.40117575]
[ 13628.5913715]
[ 13628.42833153]
[ 13628.353215]
[ 13628.37397536]
[ 13628.40200371]
[ 13628.3947348]
[ 13628.39055585]
[ 13628.38691405]
[ 13628.38993021]
[ 13628.37718074]
[ 13628.40127904]
[ 13628.35514005]
[ 13628.31830765]
[ 13628.37531344]
[ 13628.38507889]
[ 13628.3888428]
[ 13628.34256846]
[ 13628.36856027]
[ 13628.35527244]
[ 13628.32231231]
[ 13628.28569097]
[ 13628.31568964]
[ 13628.29185656]
[ 13628.35209124]
[ 13628.32854319]
[ 13628.39225653]
[ 13628.35952116]
[ 13628.32704837]
[ 13628.32661766]
[ 13628.27244616]
[ 13628.34484358]
[ 13628.35229124]
[ 13628.31910524]
[ 13628.33358635]
[ 13628.34592163]
[ 13628.352247]
[ 13628.39081604]
[ 13628.35692328]
[ 13628.34816352]
[ 13628.31515828]
[ 13628.32567224]
[ 13628.33940491]
[ 13628.33046292]
[ 13628.40199444]
[ 13628.2800121]
[ 13628.32408687]
[ 13628.34807567]
[ 13628.34451853]
[ 13628.34822063]
[ 13628.34962803]
[ 13628.34237323]
[ 13628.33976647]
[ 13628.33559879]
[ 13628.31299572]
[ 13628.28064305]
[ 13628.27114666]
[ 13628.30350879]
[ 13628.33002651]
[ 13628.31414759]
[ 13628.29349683]
[ 13628.29560853]
[ 13628.35062357]
[ 13628.37548404]
[ 13628.3036328]
[ 13628.2406275]
[ 13628.27003929]
[ 13628.31445429]
[ 13628.31165834]
[ 13628.3194837]
[ 13628.35624885]
[ 13628.38202187]
[ 13628.38328273]
[ 13628.32270218]
[ 13628.29364152]
[ 13628.43897712]
[ 13628.30137441]
[ 13628.29844398]
[ 13628.31903572]
[ 13628.34973039]
[ 13628.34214958]
[ 13628.33076969]
[ 13628.33053604]
[ 13628.32027823]
[ 13628.32210266]
[ 13628.31220115]
[ 13628.30716317]
[ 13628.3024852]
[ 13628.30704747]
[ 13628.27363208]
[ 13628.32679187]
[ 13628.34806135]
[ 13628.29330288]
[ 13628.29294611]
[ 13628.32498253]
[ 13628.29769463]
[ 13628.31634567]
[ 13628.29609355]
[ 13628.35147656]
[ 13628.28850526]
[ 13628.29893385]
[ 13628.29234224]
[ 13628.33568017]
[ 13628.29575986]
[ 13628.26471392]
[ 13628.34209569]
[ 13628.33288316]
[ 13628.44418956]
[ 13628.40103671]
[ 13628.44229158]
[ 13628.30179034]
[ 13628.3048862]
[ 13628.32255962]
[ 13628.38083361]
[ 13628.41662191]
[ 13628.38811352]
[ 13628.36605369]
[ 13628.30193794]
[ 13628.34663459]
[ 13628.35701711]
[ 13628.34159397]
[ 13628.32709479]
[ 13628.26262828]
[ 13628.22913043]
[ 13628.39850769]
[ 13628.54069937]
[ 13628.37203178]
[ 13628.35220547]
[ 13628.3986568]
[ 13628.41344649]
[ 13628.4166636]
[ 13628.41645444]
[ 13628.41515336]
[ 13628.56174013]
[ 13628.70305396]
[ 13628.48827059]
[ 13628.4949898]
[ 13628.43074428]
[ 13628.52714088]
[ 13628.53399515]
[ 13628.70737137]
[ 13628.75955371]
[ 13629.00339741]
[ 13641.3751997]
[ 13633.4275424]
[ 13629.86437019]
[ 13628.80401659]
[ 13628.93410494]
[ 13630.67027078]
[ 13633.14808008]
[ 13629.6299019]
[ 13630.46670495]
[ 13629.49462211]
[ 13628.98584558]
[ 13628.7102733]
[ 13632.49354236]
[ 13634.62100344]
[ 13634.07788955]
[ 13629.53811475]
[ 13628.81161727]
[ 13628.87972074]
[ 13628.49352472]
[ 13628.52835727]
[ 13628.66888047]
[ 13629.44881937]
[ 13628.90846537]
[ 13628.71590609]
[ 13632.25481901]
[ 13643.89864842]
[ 13640.8222396]
[ 13642.07682731]
[ 13649.01420339]
[ 13680.67288522]
[ 13731.61950297]
[ 13666.86056129]
[ 13657.67808275]
[ 13685.531112]
[ 13636.7115583]
[ 13667.6787755]
[ 13656.81156743]
[ 13642.99485355]
[ 13661.46609486]
[ 13662.40298767]
[ 13659.22872164]
[ 13631.58928224]
[ 13636.73642894]
[ 13643.0135995]
[ 13669.85840968]
[ 13681.80271376]
[ 13683.75326633]
[ 13674.62317998]
[ 13699.76942173]
[ 13744.28809903]
[ 13653.58821955]
[ 13659.74097779]
[ 13830.80892316]
[ 13773.35415407]
[ 13740.99151496]
[ 13646.26299353]
[ 13683.30395011]
[ 13700.22280692]
[ 13656.73362928]
[ 13705.00524058]
[ 13720.0332612]
[ 13686.6744609]
[ 13639.04174235]
[ 13664.06138366]
[ 13667.43264272]
[ 13641.71089116]
[ 13689.18790569]
[ 13662.70350711]
[ 13865.44909403]
[ 13978.89753228]
[ 13705.3433464]
[ 13804.28149052]
[ 13914.13647599]
[ 13797.50025925]
[ 13788.44768921]
[ 13839.70611627]
[ 13709.61774455]
[ 13868.62318563]
[ 13676.87865148]
[ 13877.5292899]
[ 13722.58030697]
[ 13657.62407195]
[ 13698.39863226]
[ 13954.08875382]
[ 14616.998148]
[ 16790.32946005]
[ 14531.85893146]
[ 14101.04223571]
[ 13978.32532641]
[ 13830.19843044]
[ 13700.5851112]
[ 13759.01054741]
[ 13678.9834997]
[ 13713.44059642]
[ 13639.17984269]
[ 13659.02795863]
[ 13649.87654714]
[ 13652.60832882]
[ 13664.78362565]
[ 13675.78716339]
[ 13725.54840179]
[ 14038.07367362]
[ 13663.64551666]
[ 13658.14642235]
[ 13648.71855091]
[ 13653.03209381]
[ 13730.96051825]
[ 13828.88914852]
[ 13656.23117159]
[ 13639.40389272]
[ 13630.58574031]
[ 13680.52420928]
[ 13725.23150553]
[ 13684.88448705]
[ 13725.49015449]
[ 13702.0422959]
[ 13726.68021201]
[ 13675.51585414]
[ 13654.77026536]
[ 13638.02755254]
[ 13652.32671614]
[ 13841.29446383]
[ 13725.97855792]
[ 13950.89977366]
[ 13800.27007817]
[ 13641.68342701]
[ 13630.61376231]
[ 13632.88291084]
[ 13630.68617539]
[ 13634.85752042]
[ 13633.14986214]
[ 13629.66275032]
[ 13682.1661921]
[ 13645.27440556]
[ 13634.79551662]
[ 13629.74806927]
[ 13637.76972038]
[ 13635.30246665]
[ 13638.75031094]
[ 13631.69425402]
[ 13639.53471786]
[ 13650.94322505]
[ 13644.67054286]
[ 13657.08247895]
[ 13636.59366454]
[ 13632.78101676]
[ 13630.16036063]
[ 13629.12556947]
[ 13629.00820552]
[ 13629.26046607]
[ 13628.87683562]
[ 13628.91181306]
[ 13630.2000486]
[ 13628.81869808]
[ 13629.01472309]
[ 13629.80785933]
[ 13629.40227384]
[ 13629.08878729]
[ 13629.73173654]
[ 13630.62558401]
[ 13629.40343547]
[ 13628.64275909]
[ 13628.82809415]
[ 13629.4565785]
[ 13629.45751261]
[ 13628.4442532]
[ 13628.45157225]
[ 13628.40217897]
[ 13628.37569593]
[ 13628.43151791]
[ 13628.53378144]
[ 13628.79827326]
[ 13628.44342766]
[ 13628.60031212]
[ 13628.50161263]
[ 13628.42654548]
[ 13628.50407441]
[ 13628.37590865]
[ 13628.5114474]
[ 13628.69533118]
[ 13628.48948301]
[ 13628.5909066]
[ 13628.68319441]
[ 13629.46749466]
[ 13629.95828548]
[ 13630.95476176]
[ 13629.06741268]
[ 13628.92462929]
[ 13628.55896682]
[ 13628.48358951]
[ 13628.75943124]
[ 13628.68167595]
[ 13628.45650236]
[ 13628.45963267]
[ 13628.43093669]
[ 13628.42072]
[ 13628.41287485]
[ 13628.42142548]
[ 13628.41892158]
[ 13628.36980677]
[ 13628.3690797]
[ 13628.37116176]
[ 13628.28230923]
[ 13628.30210159]
[ 13628.311892]
[ 13628.3029572]
[ 13628.38029434]
[ 13628.37419331]
[ 13628.4088265]
[ 13628.40256937]
[ 13628.35692037]
[ 13628.35670078]
[ 13628.37546491]
[ 13628.37071066]
[ 13628.33520778]
[ 13628.31754891]
[ 13628.38533119]
[ 13628.37221012]
[ 13628.38686546]
[ 13628.38696156]
[ 13628.39525492]
[ 13628.36725307]
[ 13628.36754376]
[ 13628.38299594]
[ 13628.38210869]
[ 13628.38038658]
[ 13628.36957454]
[ 13628.37878403]
[ 13628.27514231]
[ 13628.33201547]
[ 13628.357037]
[ 13628.33212564]
[ 13628.3368598]
[ 13628.34042116]
[ 13628.35347785]
[ 13628.35402593]
[ 13628.32215207]
[ 13628.34614337]
[ 13628.33652075]
[ 13628.34400678]
[ 13628.33436514]
[ 13628.30724156]
[ 13628.30514066]
[ 13628.29250576]
[ 13628.28166185]
[ 13628.30832163]
[ 13628.28252284]
[ 13628.2702969]
[ 13628.29219335]
[ 13628.30534028]
[ 13628.35440939]
[ 13628.32856338]
[ 13628.34375758]
[ 13628.36724344]
[ 13628.33896584]
[ 13628.32181154]
[ 13628.29214498]
[ 13628.34731545]
[ 13628.35041459]
[ 13628.32174951]
[ 13628.31711805]
[ 13628.30150221]
[ 13628.30285256]
[ 13628.35816167]
[ 13628.25507358]
[ 13628.27881105]
[ 13628.28962305]
[ 13628.33359052]
[ 13628.33969565]
[ 13628.36308826]
[ 13628.24338438]
[ 13628.29047967]
[ 13628.31599087]
[ 13628.33923883]
[ 13628.3445551]
[ 13628.36131259]
[ 13628.29922199]
[ 13628.29951635]
[ 13628.24503575]
[ 13628.28789521]
[ 13628.25123059]
[ 13628.31593456]
[ 13628.36180755]
[ 13628.34557627]
[ 13628.37475616]
[ 13628.40137982]
[ 13628.31921706]
[ 13628.34594535]
[ 13628.29285203]
[ 13628.32477041]
[ 13628.32916654]
[ 13628.18157501]
[ 13628.33210917]
[ 13628.38991877]
[ 13628.34302453]
[ 13628.37544273]
[ 13628.40875956]
[ 13628.37131332]
[ 13628.43538682]
[ 13628.48053386]
[ 13628.54351089]
[ 13628.43545603]
[ 13628.41801827]
[ 13628.39016787]
[ 13628.46512029]
[ 13628.45124361]
[ 13628.35914035]
[ 13628.43031451]
[ 13628.28518457]
[ 13628.29322441]
[ 13628.36353841]
[ 13628.52825783]
[ 13628.67369757]
[ 13628.58167786]
[ 13628.4776256]
[ 13628.32179772]
[ 13628.4110693]
[ 13629.89033521]
[ 13628.94875306]
[ 13629.84995395]
[ 13628.62995255]
[ 13628.476603]
[ 13628.31838381]
[ 13628.41939489]
[ 13631.30867574]
[ 13631.22065695]
[ 13629.52456783]
[ 13629.09989318]
[ 13628.65872747]
[ 13628.49081699]
[ 13628.54436751]
[ 13628.94657739]
[ 13629.02255222]
[ 13628.50685165]
[ 13628.91884031]
[ 13629.07936187]
[ 13629.0144465]
[ 13629.23159848]
[ 13629.15709141]
[ 13629.03979668]
[ 13629.48176448]
[ 13630.09951676]
[ 13630.43221953]
[ 13629.58898302]
[ 13629.35391627]
[ 13629.92279801]
[ 13632.00655126]
[ 13632.39106913]
[ 13631.21762751]
[ 13631.75641263]
[ 13633.67788832]
[ 13630.70814393]
[ 13629.99957397]
[ 13685.60171758]
[ 13804.70885619]
[ 13827.52211142]
[ 13676.51856461]
[ 13632.42433177]
[ 13646.77673162]
[ 13634.83958136]
[ 13648.79495476]
[ 13651.43613633]
[ 13637.13387337]
[ 13642.87639226]
[ 13644.17398914]
[ 13632.16481281]
[ 13636.11113915]
[ 13632.11855574]
[ 13638.54929091]
[ 13651.84175277]
[ 13648.16051666]
[ 13647.96113909]
[ 13638.43585461]
[ 13655.69005391]
[ 13640.87906028]
[ 13630.82470646]
[ 13638.39554287]
[ 13631.66433067]
[ 13632.93245329]
[ 13634.08148278]
[ 13630.364434]
[ 13641.79559199]
[ 13633.92450226]
[ 13634.09385668]
[ 13634.91036563]
[ 13638.86750905]
[ 13636.5045875]
[ 13637.55723578]
[ 13638.66534198]
[ 13634.17459278]
[ 13667.4480867]
[ 13629.00746495]
[ 13650.57711461]
[ 13665.78566817]
[ 13629.60738605]
[ 13629.47200337]
[ 13630.42769433]
[ 13629.32438648]
[ 13630.94395874]
[ 13650.38826617]
[ 13655.49287114]
[ 13649.39801839]
[ 13882.36865528]
[ 14174.30757458]
[ 14048.64593042]
[ 13714.89821389]
[ 13680.66988754]
[ 13682.72226017]
[ 13658.74427619]
[ 13703.46197906]
[ 13642.98316564]
[ 13640.04761982]
[ 13635.78153698]
[ 13635.31318481]
[ 13635.01328608]
[ 13638.08435968]
[ 13630.81928769]
[ 13652.35166735]
[ 13643.59522035]
[ 13649.33074303]
[ 13689.48321106]
[ 13646.37404285]
[ 13644.79569539]
[ 13660.33373454]
[ 13636.04528288]
[ 13629.4761219]
[ 13630.07327309]
[ 13634.81564908]
[ 13628.53154584]
[ 13632.47981822]
[ 13671.85595379]
[ 13813.42250994]
[ 13890.31163884]
[ 13669.76005534]
[ 13706.35348117]
[ 13709.70015071]
[ 13680.23938186]
[ 13630.64934887]
[ 13635.40903052]
[ 13651.17393598]
[ 13647.12916164]
[ 13668.38840161]
[ 13726.91709061]
[ 13734.13779583]
[ 13666.79887345]
[ 13634.79557694]
[ 13634.51627722]
[ 13661.38264639]
[ 13643.54418537]
[ 13721.27218939]
[ 13696.75006571]
[ 13896.93953065]
[ 13802.4069318]
[ 13841.1739917]
[ 13651.81685622]
[ 13722.98336831]
[ 13760.98709105]
[ 13652.5325865]
[ 13698.44218982]
[ 13690.3994056]
[ 13662.06178482]
[ 13641.6101237]
[ 13631.99248231]
[ 13632.56554801]
[ 13635.32195992]
[ 13638.60097554]
[ 13655.30633451]
[ 13645.77921203]
[ 13645.92674138]
[ 13634.30123183]
[ 13629.31911491]
[ 13632.3172438]
[ 13646.0879293]
[ 13633.19983445]
[ 13638.76123515]
[ 13633.81505933]
[ 13629.81697948]
[ 13630.14292575]
[ 13630.71621298]
[ 13730.72000874]
[ 13639.83855002]
[ 13632.91547511]
[ 13630.35225634]
[ 13631.6343065]
[ 13628.95230213]
[ 13630.94875609]
[ 13630.22378181]
[ 13629.42585931]
[ 13628.75423362]
[ 13628.75609353]
[ 13629.34445839]
[ 13628.53300943]
[ 13629.86374945]
[ 13630.60370248]
[ 13629.11454697]
[ 13628.88690217]
[ 13630.32549125]
[ 13630.41466118]
[ 13629.4811713]
[ 13630.34645101]
[ 13641.09493168]
[ 13633.27243125]
[ 13633.67613553]
[ 13629.69843021]
[ 13629.20628973]
[ 13628.92758184]
[ 13630.20330764]
[ 13629.49545746]
[ 13628.40137245]
[ 13628.52700796]
[ 13629.04109679]
[ 13629.14388677]
[ 13628.71908025]
[ 13628.69216193]
[ 13628.7302926]
[ 13628.90812378]
[ 13628.75810649]
[ 13628.93672509]
[ 13628.54067267]
[ 13628.78596631]
[ 13628.75923937]
[ 13628.73435203]
[ 13629.07530015]
[ 13628.96703844]
[ 13628.49905539]
[ 13628.42290947]
[ 13628.33301154]
[ 13628.34915322]
[ 13628.50563428]
[ 13628.77642885]
[ 13628.40865223]
[ 13628.46802315]
[ 13628.39026424]
[ 13628.42215007]
[ 13628.37777298]
[ 13628.35604482]
[ 13628.37892136]
[ 13628.35171802]
[ 13628.32314508]
[ 13628.2815111]
[ 13628.34933643]
[ 13628.26767131]
[ 13628.2793772]
[ 13628.21149624]
[ 13628.36562872]
[ 13628.458767]
[ 13628.48849004]
[ 13628.50455065]
[ 13628.46024258]
[ 13628.38177923]
[ 13628.37763784]
[ 13628.38607019]
[ 13628.38500608]
[ 13628.30625101]
[ 13628.34317778]
[ 13628.37227923]
[ 13628.34914504]
[ 13628.38287726]
[ 13628.31098661]
[ 13628.34241745]
[ 13628.35578057]
[ 13628.3686932]
[ 13628.35373144]
[ 13628.3203002]
[ 13628.34025305]
[ 13628.36421799]
[ 13628.35244388]
[ 13628.32472624]
[ 13628.30546138]
[ 13628.32282142]
[ 13628.36417423]
[ 13628.39147505]
[ 13628.37501456]
[ 13628.37374269]
[ 13628.39779156]
[ 13628.3603271]
[ 13628.40201863]
[ 13628.32687703]
[ 13628.34055534]
[ 13628.37909732]
[ 13628.36872159]
[ 13628.34804529]
[ 13628.37341064]
[ 13628.34058366]
[ 13628.31764966]
[ 13628.32853371]
[ 13628.34351126]
[ 13628.39684664]
[ 13628.27842397]
[ 13628.34436821]
[ 13628.36796996]
[ 13628.39639074]
[ 13628.36896915]
[ 13628.28809019]
[ 13628.3695509]
[ 13628.39307541]
[ 13628.37836302]
[ 13628.3903809]
[ 13628.36163932]
[ 13628.29327174]
[ 13628.33730587]
[ 13628.2921253]
[ 13628.32444549]
[ 13628.31069796]
[ 13628.31225641]
[ 13628.37554093]
[ 13628.37889595]
[ 13628.39669063]
[ 13628.37081441]
[ 13628.37621444]
[ 13628.36067324]
[ 13628.33202306]
[ 13628.36362561]
[ 13628.3587734]
[ 13628.37884686]
[ 13628.36306238]
[ 13628.35963126]
[ 13628.37186695]
[ 13628.35515303]
[ 13628.31346611]
[ 13628.32326263]
[ 13628.33923555]
[ 13628.34258908]
[ 13628.34710935]
[ 13628.36007142]
[ 13628.2659145]
[ 13628.42314112]
[ 13628.39645548]
[ 13628.39939598]
[ 13628.52262566]
[ 13628.43804854]
[ 13628.38301739]
[ 13628.35704994]
[ 13628.34496928]
[ 13628.34030561]
[ 13628.32805224]
[ 13628.37248628]
[ 13628.3728643]
[ 13628.36416228]
[ 13628.38812331]
[ 13628.33067025]
[ 13628.35197457]
[ 13628.37477653]
[ 13628.35910738]
[ 13628.33579364]
[ 13628.44492593]
[ 13628.35435391]
[ 13628.32069371]
[ 13628.37455523]
[ 13628.55931904]
[ 13628.53927868]
[ 13628.4890799]
[ 13628.34224851]
[ 13628.51871968]
[ 13628.47226103]
[ 13628.45070365]
[ 13628.36442308]
[ 13628.49803628]
[ 13628.63968805]
[ 13628.77332698]
[ 13628.94780009]
[ 13628.38238367]
[ 13628.38495232]
[ 13628.3826731]
[ 13628.28373738]
[ 13628.34852887]
[ 13628.57511619]
[ 13628.88850543]
[ 13628.56445682]
[ 13628.8861489]
[ 13628.68790187]
[ 13628.65468094]
[ 13628.38720666]
[ 13631.43692979]
[ 13639.92004256]
[ 13642.83740286]
[ 13628.98991816]
[ 13632.54324534]
[ 13631.31058257]
[ 13631.16230292]
[ 13632.84421096]
[ 13640.74834827]
[ 13631.94748435]
[ 13630.92290032]
[ 13632.3242681]
[ 13632.90151055]
[ 13629.80690624]
[ 13631.56066547]
[ 13628.47954393]
[ 13628.52839873]
[ 13628.58352452]
[ 13646.75814317]
[ 13650.90107147]
[ 13630.69608032]
[ 13629.46301891]
[ 13634.43713064]
[ 13645.91293691]
[ 13644.5169245]
[ 13640.14853718]
[ 13633.05400225]
[ 13630.48356758]
[ 13632.27694076]
[ 13634.54280558]
[ 13632.16200298]
[ 13630.30377746]
[ 13633.20229995]
[ 13635.26774649]
[ 13640.51194703]
[ 13650.86244531]
[ 13650.96779255]
[ 13640.56085626]
[ 13644.00455698]
[ 13633.70399063]
[ 13649.76865841]
[ 13665.7964444]
[ 13664.5157574]
[ 13644.21775589]
[ 13636.93923586]
[ 13643.10977484]
[ 13649.27179167]
[ 13641.61027807]
[ 13635.89521084]
[ 13647.04275438]
[ 13639.9489879]
