[ 12829.22450056]
[ 12824.38485818]
[ 12844.84639881]
[ 12850.81442314]
[ 12828.38180889]
[ 12837.78207572]
[ 12860.72107169]
[ 12865.57561819]
[ 12905.97199101]
[ 12880.55213218]
[ 12859.82009147]
[ 12845.72182153]
[ 12885.86512949]
[ 12862.34065806]
[ 12936.32673271]
[ 12958.35681499]
[ 12863.62133019]
[ 12856.35417669]
[ 12908.01891611]
[ 12844.42736717]
[ 12834.75225573]
[ 12840.2927409]
[ 12833.43957708]
[ 12849.1237508]
[ 12877.36781287]
[ 12889.19745571]
[ 12853.60787733]
[ 12981.97623074]
[ 12886.18570673]
[ 13378.4209785]
[ 15770.76504455]
[ 17730.02300708]
[ 16583.8438837]
[ 13311.45964024]
[ 13502.2618662]
[ 14478.89076648]
[ 13065.29181054]
[ 13086.62879684]
[ 13873.51615759]
[ 14768.63292093]
[ 15369.61749991]
[ 14705.52297276]
[ 13148.82703173]
[ 12908.55955692]
[ 12886.99234964]
[ 13001.6981578]
[ 12909.58924038]
[ 12893.08845587]
[ 13081.08647662]
[ 12899.84642393]
[ 12880.7243649]
[ 12858.29522251]
[ 12855.96823349]
[ 12824.28550539]
[ 12834.89818617]
[ 12861.37877345]
[ 12862.59253066]
[ 12855.53416533]
[ 12828.74696652]
[ 12826.84748908]
[ 12837.92811606]
[ 12915.170845]
[ 12927.60902063]
[ 12870.42397034]
[ 12839.62133792]
[ 12848.97254002]
[ 12837.01689785]
[ 12839.68494348]
[ 12834.57088705]
[ 12824.97536479]
[ 12829.19640024]
[ 12825.1494423]
[ 12825.50830288]
[ 12824.30491263]
[ 12837.4530975]
[ 12839.50199234]
[ 12821.67095936]
[ 12827.67785548]
[ 12838.18688696]
[ 12825.98387567]
[ 12825.17630711]
[ 12822.70975243]
[ 12822.26809638]
[ 12822.89990052]
[ 12824.89038276]
[ 12822.83763196]
[ 12821.37195464]
[ 12821.83208268]
[ 12822.81959241]
[ 12822.31210024]
[ 12831.7240441]
[ 12824.01920403]
[ 12824.81261727]
[ 12821.72240348]
[ 12822.84063874]
[ 12825.82206365]
[ 12823.62853741]
[ 12823.07745924]
[ 12834.90210547]
[ 12850.30878255]
[ 12830.10824513]
[ 12824.23025467]
[ 12821.83423698]
[ 12821.58514578]
[ 12822.1447205]
[ 12821.6592882]
[ 12822.0793694]
[ 12823.97345676]
[ 12823.57180184]
[ 12822.07639631]
[ 12821.53437913]
[ 12821.30628977]
[ 12822.98560368]
[ 12823.07053182]
[ 12823.11466302]
[ 12821.45904945]
[ 12821.47009901]
[ 12821.90998985]
[ 12822.46411926]
[ 12821.63323417]
[ 12821.6987311]
[ 12821.72499437]
[ 12821.62473632]
[ 12821.67863288]
[ 12821.5841067]
[ 12821.34895888]
[ 12821.57046045]
[ 12821.92419811]
[ 12822.16893817]
[ 12821.4123007]
[ 12820.97324211]
[ 12821.37742784]
[ 12821.37682853]
[ 12821.29451082]
[ 12821.60254538]
[ 12821.58146331]
[ 12821.57333923]
[ 12821.53385618]
[ 12821.5671186]
[ 12821.57305022]
[ 12821.52641538]
[ 12821.53416809]
[ 12821.47345606]
[ 12821.25302148]
[ 12821.28532699]
[ 12821.46241753]
[ 12821.6268569]
[ 12821.28771647]
[ 12821.24003259]
[ 12820.89150604]
[ 12821.24575058]
[ 12821.33784912]
[ 12821.5430781]
[ 12821.53771206]
[ 12821.61032636]
[ 12821.54923303]
[ 12821.54844908]
[ 12821.52497353]
[ 12821.50075555]
[ 12821.53205457]
[ 12821.26716276]
[ 12821.42443068]
[ 12821.46500774]
[ 12821.59102359]
[ 12821.4818679]
[ 12821.57958817]
[ 12821.59520311]
[ 12821.39691026]
[ 12821.41733271]
[ 12821.39489073]
[ 12821.3491593]
[ 12821.40021421]
[ 12821.23347683]
[ 12821.31950006]
[ 12821.32911693]
[ 12821.40274207]
[ 12821.21108382]
[ 12821.32095182]
[ 12821.318687]
[ 12821.33983759]
[ 12821.37862337]
[ 12821.23677845]
[ 12821.28205371]
[ 12821.40314687]
[ 12821.67007933]
[ 12821.7047556]
[ 12821.61051249]
[ 12821.62769064]
[ 12821.21556283]
[ 12821.34740091]
[ 12821.53560478]
[ 12821.64099561]
[ 12821.55807846]
[ 12821.60299169]
[ 12821.45367909]
[ 12821.36174531]
[ 12821.57902279]
[ 12821.37703297]
[ 12821.37644612]
[ 12821.3621488]
[ 12821.34691184]
[ 12821.19317229]
[ 12821.3572897]
[ 12821.53221018]
[ 12821.60468474]
[ 12821.54135367]
[ 12821.50220729]
[ 12821.26581124]
[ 12821.28478061]
[ 12821.38315588]
[ 12821.34061597]
[ 12821.43024935]
[ 12821.67817152]
[ 12821.64086393]
[ 12821.60639285]
[ 12821.57529183]
[ 12821.61809271]
[ 12821.63921615]
[ 12821.65235699]
[ 12821.29666716]
[ 12821.42281364]
[ 12821.368401]
[ 12821.38330342]
[ 12821.44642663]
[ 12821.50590048]
[ 12821.59656164]
[ 12821.54869759]
[ 12821.39504508]
[ 12821.51872541]
[ 12821.5491176]
[ 12821.54355784]
[ 12821.40485718]
[ 12821.38313102]
[ 12821.42832801]
[ 12821.4951336]
[ 12821.38891452]
[ 12821.0935004]
[ 12821.42551484]
[ 12821.58090455]
[ 12821.51741194]
[ 12821.53209948]
[ 12821.45915208]
[ 12821.11674756]
[ 12821.42411659]
[ 12821.54142236]
[ 12821.4172203]
[ 12821.15289408]
[ 12821.03941435]
[ 12820.68307456]
[ 12821.03998882]
[ 12820.95528887]
[ 12820.8383633]
[ 12821.61244226]
[ 12821.46312411]
[ 12821.43309909]
[ 12821.57700951]
[ 12821.47778417]
[ 12821.34452765]
[ 12821.37718719]
[ 12821.25961276]
[ 12821.47264988]
[ 12821.33902229]
[ 12821.10034212]
[ 12821.38962404]
[ 12821.31519559]
[ 12821.44962039]
[ 12821.91288763]
[ 12821.86637812]
[ 12821.56649045]
[ 12821.38725426]
[ 12820.99607796]
[ 12821.32319669]
[ 12821.01559834]
[ 12821.20816741]
[ 12821.42565464]
[ 12821.51888456]
[ 12821.37489912]
[ 12820.89176471]
[ 12821.81096868]
[ 12830.53973256]
[ 12821.99977192]
[ 12822.52023143]
[ 12822.37906286]
[ 12820.71101969]
[ 12821.63000808]
[ 12823.7394075]
[ 12829.84410766]
[ 12822.63150797]
[ 12821.23534159]
[ 12820.7079578]
[ 12822.46747233]
[ 12821.90006846]
[ 12821.34107689]
[ 12821.39059706]
[ 12821.58988622]
[ 12822.19876705]
[ 12822.04819861]
[ 12821.96223599]
[ 12823.46639967]
[ 12823.82434238]
[ 12822.63527582]
[ 12822.36956388]
[ 12824.45547189]
[ 12823.08595668]
[ 12823.43260873]
[ 12822.68572915]
[ 12831.68619304]
[ 12863.33503751]
[ 12888.66125693]
[ 12986.82554165]
[ 12836.35003638]
[ 12841.70540288]
[ 12827.19243006]
[ 12853.32832473]
[ 12887.99352852]
[ 12862.23832185]
[ 12858.71757791]
[ 12842.50726751]
[ 12868.88827258]
[ 13080.98374892]
[ 12825.00002487]
[ 12822.68101719]
[ 12821.35905172]
[ 12822.48618342]
[ 12821.84415458]
[ 12827.24597399]
[ 12829.152208]
[ 12826.26782145]
[ 12824.82229603]
[ 12833.16166717]
[ 12839.9833864]
[ 12826.49405426]
[ 12826.26695839]
[ 12840.61041857]
[ 12851.53224597]
[ 12830.88594461]
[ 12838.89635707]
[ 12886.06802728]
[ 12858.36784468]
[ 12876.21779433]
[ 12859.57219347]
[ 12832.96757506]
[ 12839.76197001]
[ 12860.33105693]
[ 12897.54246546]
[ 12832.13765383]
[ 12858.33674]
[ 12908.05238588]
[ 12857.48462807]
[ 12942.98158586]
[ 12840.79177609]
[ 12827.96631648]
[ 12838.16285889]
[ 12825.05759509]
[ 12823.16485837]
[ 12902.12016414]
[ 12865.49125888]
[ 13054.20251153]
[ 12833.80261628]
[ 12911.75824544]
[ 13015.77524692]
[ 12989.31029106]
[ 12903.30364921]
[ 12864.39187339]
[ 12826.66915345]
[ 12830.12577761]
[ 13418.10234083]
[ 13100.05513504]
[ 12850.13905456]
[ 12847.26088283]
[ 12925.25992757]
[ 13084.4644499]
[ 13874.63858839]
[ 12841.32806572]
[ 12848.24517073]
[ 12859.94367717]
[ 12875.70041817]
[ 12853.08289914]
[ 12841.80343736]
[ 12854.20453916]
[ 12872.15839649]
[ 12826.24106877]
[ 12836.26082198]
[ 12848.997803]
[ 12840.42938824]
[ 12825.5107353]
[ 12976.22375923]
[ 13451.31649789]
[ 13803.11058815]
[ 13962.0639873]
[ 13623.8666367]
[ 12887.58759144]
[ 12861.70142681]
[ 12836.41317692]
[ 12850.78949767]
[ 12826.21048948]
[ 12821.44562098]
[ 12822.53643525]
[ 12822.08782656]
[ 12821.55315852]
[ 12822.03766847]
[ 12822.7339906]
[ 12823.55940153]
[ 12826.17237829]
[ 12839.71653624]
[ 12893.63443478]
[ 13213.55931339]
[ 12980.35094761]
[ 12831.55144427]
[ 12828.98361533]
[ 12829.68094432]
[ 12844.02464427]
[ 12854.50122702]
[ 12825.32131297]
[ 12823.10825533]
[ 12823.04031804]
[ 12824.49189291]
[ 12821.30826865]
[ 12821.54351566]
[ 12822.69637956]
[ 12822.54511519]
[ 12826.58968187]
[ 12824.08119687]
[ 12822.27148834]
[ 12824.61335603]
[ 12858.71990183]
[ 12829.45339227]
[ 12824.57897988]
[ 12823.24337289]
[ 12822.00647874]
[ 12822.52415148]
[ 12822.31876016]
[ 12822.7944458]
[ 12822.23972385]
[ 12821.75841061]
[ 12822.42245411]
[ 12821.95115682]
[ 12821.88878014]
[ 12821.9114774]
[ 12823.41259664]
[ 12823.56209089]
[ 12823.64130105]
[ 12824.48912643]
[ 12822.61779717]
[ 12821.57368505]
[ 12821.60373067]
[ 12823.87713896]
[ 12822.45343615]
[ 12822.67921093]
[ 12822.39620434]
[ 12822.54789701]
[ 12822.32860603]
[ 12823.04646233]
[ 12822.3376652]
[ 12821.65318549]
[ 12821.5184087]
[ 12821.45755349]
[ 12821.49306724]
[ 12821.54350974]
[ 12821.92836522]
[ 12822.27480578]
[ 12821.51812305]
[ 12821.32896172]
[ 12822.13806228]
[ 12822.01311528]
[ 12820.88461564]
[ 12821.84550336]
[ 12822.32446094]
[ 12823.07210685]
[ 12821.44151434]
[ 12821.81906247]
[ 12821.80281061]
[ 12822.46828674]
[ 12822.37227375]
[ 12822.01733054]
[ 12821.66627482]
[ 12821.55336411]
[ 12821.72905245]
[ 12821.68807296]
[ 12821.71683125]
[ 12821.62378925]
[ 12821.50459148]
[ 12821.49369536]
[ 12821.08351949]
[ 12821.16369481]
[ 12821.53553717]
[ 12821.49987061]
[ 12821.41657734]
[ 12821.58725284]
[ 12821.48232945]
[ 12821.72021977]
[ 12821.70071984]
[ 12821.66571376]
[ 12820.88077777]
[ 12821.39497794]
[ 12821.47229455]
[ 12821.47024429]
[ 12821.36811598]
[ 12821.45344331]
[ 12821.0722938]
[ 12821.28629603]
[ 12821.32820503]
[ 12821.65159976]
[ 12821.50763931]
[ 12821.62086195]
[ 12821.43274031]
[ 12821.17950415]
[ 12821.28818613]
[ 12821.54592896]
[ 12821.50976353]
[ 12821.63531373]
[ 12821.54389152]
[ 12821.55114662]
[ 12821.35034609]
[ 12821.27569185]
[ 12821.48139821]
[ 12821.34290756]
[ 12821.56590005]
[ 12821.62357835]
[ 12821.55439373]
[ 12821.52435025]
[ 12821.4731969]
[ 12821.59710883]
[ 12821.66690484]
[ 12821.58566415]
[ 12821.39579986]
[ 12821.42857151]
[ 12821.39873363]
[ 12821.54808903]
[ 12821.7246487]
[ 12821.45234569]
[ 12821.41818432]
[ 12821.56537756]
[ 12821.70696793]
[ 12821.65573295]
[ 12821.59116443]
[ 12821.58164921]
[ 12821.61359184]
[ 12821.1028824]
[ 12821.51382886]
[ 12821.62003034]
[ 12821.45513044]
[ 12821.48213388]
[ 12821.51710307]
[ 12821.54882747]
[ 12821.52729295]
[ 12821.49938899]
[ 12821.41953741]
[ 12821.28090096]
[ 12821.3688369]
[ 12821.58362169]
[ 12821.50172258]
[ 12821.64663543]
[ 12821.51655142]
[ 12821.45136218]
[ 12821.55564396]
[ 12820.63706046]
[ 12820.69390189]
[ 12821.25593845]
[ 12821.26331557]
[ 12821.60512478]
[ 12821.62146106]
[ 12821.59598562]
[ 12821.45295823]
[ 12821.52921605]
[ 12821.45267103]
[ 12821.42163071]
[ 12821.18355686]
[ 12821.359743]
[ 12821.31033314]
[ 12821.19785494]
[ 12821.35265034]
[ 12821.41015254]
[ 12821.43383508]
[ 12821.3156581]
[ 12821.34313673]
[ 12821.43444001]
[ 12821.46075492]
[ 12821.53726761]
[ 12821.47420874]
[ 12821.48892115]
[ 12821.56126487]
[ 12821.4588104]
[ 12821.454898]
[ 12821.41403042]
[ 12821.41772013]
[ 12821.69705651]
[ 12821.0747271]
[ 12821.42311205]
[ 12821.37569555]
[ 12821.25717094]
[ 12821.16774195]
[ 12821.40309757]
[ 12821.45611773]
[ 12821.43639513]
[ 12821.59623483]
[ 12821.41862058]
[ 12821.51480157]
[ 12821.22124747]
[ 12821.33018047]
[ 12821.45678996]
[ 12821.54262029]
[ 12821.33719397]
[ 12821.53732678]
[ 12821.51196998]
[ 12821.48249057]
[ 12821.38100883]
[ 12821.34334558]
[ 12821.37721929]
[ 12821.30896137]
[ 12821.34621495]
[ 12821.54474947]
[ 12821.50911394]
[ 12821.43351026]
[ 12821.49605685]
[ 12821.43724125]
[ 12821.87145631]
[ 12821.67067893]
[ 12821.60761224]
[ 12821.51155987]
[ 12821.02885057]
[ 12821.51653272]
[ 12821.57206732]
[ 12821.42084753]
[ 12822.30300033]
[ 12822.00763025]
[ 12821.4308686]
[ 12822.05489935]
[ 12822.25312094]
[ 12821.83534991]
[ 12840.03098907]
[ 12833.55137603]
[ 12857.23229303]
[ 12824.20364037]
[ 12823.64542134]
[ 12920.26648097]
[ 12828.71605202]
[ 12836.73750601]
[ 12889.12474378]
[ 12877.53732466]
[ 12867.42691979]
[ 12950.34735042]
[ 13148.81632897]
[ 13047.29433272]
[ 12861.49522879]
[ 12841.02840673]
[ 12824.0545021]
[ 12833.21018878]
[ 12842.68142029]
[ 12857.17989146]
[ 12850.84331129]
[ 12864.68311769]
[ 12839.86914451]
[ 12846.59367373]
[ 12847.24371504]
[ 12834.02516209]
[ 12857.83577386]
[ 12847.22595952]
[ 12842.8427939]
[ 12835.5767548]
[ 12831.40562241]
[ 12837.8772483]
[ 12826.54134644]
[ 12832.44693994]
[ 12825.39179265]
[ 12824.80817517]
[ 12838.46323258]
[ 12821.98685614]
[ 12823.84893325]
[ 12826.38510896]
[ 12823.62535366]
[ 12825.33463318]
[ 12850.96657498]
[ 12822.76885884]
[ 12822.12999201]
[ 12822.96282204]
[ 12826.95562141]
[ 12829.99670614]
[ 12832.18967104]
[ 12833.59914576]
[ 12850.65610753]
[ 12823.35788299]
[ 12827.46469122]
[ 12831.89924216]
[ 12843.92778068]
[ 12871.98947576]
[ 12878.81316735]
[ 12828.11593971]
[ 12827.95065936]
[ 12823.2341782]
[ 12831.22013606]
[ 12834.4618168]
[ 12850.20477304]
[ 12971.72496339]
[ 12881.24785742]
[ 12827.96493874]
[ 12832.37834531]
[ 12825.88721788]
[ 12824.43130961]
[ 12828.85504423]
[ 12914.46024856]
[ 12910.89108705]
[ 12968.55318948]
[ 12868.1783578]
[ 12836.46408432]
[ 12842.45548787]
[ 12830.47749565]
[ 12825.38136372]
[ 12831.49404262]
[ 12831.38337779]
[ 12841.80278318]
[ 12826.70850717]
[ 12822.39908262]
[ 12824.10360797]
[ 12828.95179135]
[ 12827.34249179]
[ 12834.47884208]
[ 12823.1712868]
[ 12836.64320686]
[ 12853.12691988]
[ 12828.20048153]
[ 12864.94690658]
[ 12889.88635244]
[ 12830.67603868]
[ 12834.05421305]
[ 12841.29171274]
[ 12892.03014487]
[ 12833.60818497]
[ 12826.06332783]
[ 12833.16133554]
[ 12826.91830633]
[ 12824.6749143]
[ 12829.32925195]
[ 12846.08063181]
[ 12834.57357238]
[ 12851.96904436]
[ 12831.00209505]
[ 12840.45238649]
[ 12837.84861031]
[ 12835.13788266]
[ 12830.13653472]
[ 12837.46041135]
[ 12824.7713782]
[ 12823.27320265]
[ 12831.89525255]
[ 12825.53913853]
[ 12822.92213844]
[ 12826.55755529]
[ 12827.06650108]
[ 12823.98451536]
[ 12825.19345471]
[ 12824.06996889]
[ 12823.887188]
[ 12842.79498886]
[ 12865.79760572]
[ 12837.45804008]
[ 12822.63616952]
[ 12821.59264089]
[ 12822.21656863]
[ 12822.58225553]
[ 12822.35251428]
[ 12822.92067995]
[ 12823.49753912]
[ 12822.0095123]
[ 12821.86941241]
[ 12822.23835876]
[ 12822.33535587]
[ 12821.61045459]
[ 12821.70150238]
[ 12821.91860924]
[ 12821.85108454]
[ 12822.01885154]
[ 12822.43779182]
[ 12822.79645109]
[ 12821.73066885]
[ 12821.36982072]
[ 12821.37372388]
[ 12821.61789905]
[ 12821.75313092]
[ 12822.0489849]
[ 12822.08736521]
[ 12822.02696686]
[ 12821.73448563]
[ 12821.86491399]
[ 12821.50445467]
[ 12821.27574765]
[ 12821.60750812]
[ 12822.25582294]
[ 12822.46547589]
[ 12821.84845214]
[ 12821.78080673]
[ 12821.64836941]
[ 12821.57639579]
[ 12821.63852866]
[ 12821.57244308]
[ 12821.51562224]
[ 12822.0150503]
[ 12822.12424709]
[ 12821.92936059]
[ 12821.97115463]
[ 12821.90751034]
[ 12822.52438096]
[ 12821.69499261]
[ 12821.66125116]
[ 12821.31686411]
[ 12821.45542757]
[ 12821.75630038]
[ 12821.66846229]
[ 12821.51088292]
[ 12821.6889508]
[ 12821.71349468]
[ 12821.38533161]
[ 12821.60201108]
[ 12821.48047668]
[ 12821.56200145]
[ 12821.49201063]
[ 12821.42284043]
[ 12821.57134185]
[ 12821.72623707]
[ 12821.70131108]
[ 12821.68063605]
[ 12821.64665226]
[ 12821.67893214]
[ 12821.62662725]
[ 12821.71433319]
[ 12821.55760969]
[ 12821.24635218]
[ 12821.50075503]
[ 12821.57664607]
[ 12821.45399083]
[ 12821.46184445]
[ 12821.58135025]
[ 12821.53372273]
[ 12821.42264233]
[ 12821.25419615]
[ 12821.39774968]
[ 12821.24572298]
[ 12821.48335156]
[ 12821.38931855]
[ 12821.69759667]
[ 12821.56963104]
[ 12821.44426956]
[ 12821.45743886]
[ 12821.18533108]
[ 12821.46603847]
[ 12821.49243409]
[ 12821.41503117]
[ 12821.41088645]
[ 12821.49253776]
[ 12821.46080523]
[ 12821.64292267]
[ 12821.45196498]
[ 12821.43561099]
[ 12821.37957089]
[ 12821.38909283]
[ 12821.47662341]
[ 12821.43795641]
[ 12821.73014914]
[ 12821.26376582]
[ 12821.45326678]
[ 12821.52856718]
[ 12821.51337476]
[ 12821.50516146]
[ 12821.55357519]
[ 12821.53141955]
[ 12821.51261906]
[ 12821.47831909]
[ 12821.39619377]
[ 12821.24875832]
[ 12821.22254877]
[ 12821.34625681]
[ 12821.45326683]
[ 12821.37938862]
[ 12821.29630223]
[ 12821.30631033]
[ 12821.55739749]
[ 12821.65360504]
[ 12821.36319081]
[ 12821.0620072]
[ 12821.21030593]
[ 12821.42054357]
[ 12821.3663242]
[ 12821.35312749]
[ 12820.91450413]
[ 12821.55188067]
[ 12821.6486904]
[ 12821.41299726]
[ 12821.29315088]
[ 12821.65716257]
[ 12821.32978961]
[ 12821.31042325]
[ 12821.36454454]
[ 12821.50566202]
[ 12821.50269455]
[ 12821.46171881]
[ 12821.46940093]
[ 12821.41193643]
[ 12821.40957457]
[ 12821.37664447]
[ 12821.3588047]
[ 12821.33262455]
[ 12821.34704932]
[ 12821.21428213]
[ 12821.45422823]
[ 12821.54742328]
[ 12821.30492822]
[ 12821.31434995]
[ 12821.44652146]
[ 12821.31007736]
[ 12821.38092486]
[ 12821.32396441]
[ 12821.56417829]
[ 12821.30330218]
[ 12821.33009934]
[ 12821.30250419]
[ 12821.49426662]
[ 12821.30490653]
[ 12821.08086991]
[ 12821.40184917]
[ 12821.38958689]
[ 12821.35093726]
[ 12821.47456946]
[ 12821.64129057]
[ 12820.92963158]
[ 12821.17932701]
[ 12821.31210611]
[ 12821.49162791]
[ 12821.53129638]
[ 12821.39876949]
[ 12821.49193487]
[ 12821.23542663]
[ 12821.34344599]
[ 12821.41054909]
[ 12821.37922861]
[ 12821.31871443]
[ 12821.12281489]
[ 12820.87075092]
[ 12821.09877145]
[ 12821.52582548]
[ 12821.37801752]
[ 12821.36335498]
[ 12821.67682775]
[ 12821.73457829]
[ 12821.65176967]
[ 12821.72509712]
[ 12821.48041879]
[ 12821.62407905]
[ 12821.78790906]
[ 12821.69893421]
[ 12821.6536138]
[ 12821.4930968]
[ 12821.52739923]
[ 12821.6049691]
[ 12821.59105733]
[ 12821.63301742]
[ 12821.49399269]
[ 12827.71517537]
[ 12823.80831106]
[ 12822.25773431]
[ 12821.52346818]
[ 12821.36267977]
[ 12822.17641083]
[ 12823.71280418]
[ 12821.97802342]
[ 12822.45485166]
[ 12821.7930268]
[ 12821.2366787]
[ 12821.02940565]
[ 12823.32089263]
[ 12824.53466921]
[ 12824.2693603]
[ 12822.02711025]
[ 12821.61110356]
[ 12821.65404558]
[ 12821.65438929]
[ 12821.3794295]
[ 12821.38287031]
[ 12821.51995912]
[ 12821.30087012]
[ 12821.21092503]
[ 12822.59827277]
[ 12828.66958878]
[ 12827.34814669]
[ 12828.09611339]
[ 12832.09180844]
[ 12850.51741829]
[ 12884.04395551]
[ 12842.97554039]
[ 12836.23395854]
[ 12854.16542526]
[ 12825.59078388]
[ 12843.57566854]
[ 12836.67815057]
[ 12828.44887575]
[ 12839.02142728]
[ 12839.49892844]
[ 12838.30332746]
[ 12822.73010273]
[ 12825.53917056]
[ 12828.92958093]
[ 12844.83080412]
[ 12852.19439964]
[ 12853.0708694]
[ 12848.08224463]
[ 12863.84905277]
[ 12893.08952245]
[ 12834.76131663]
[ 12838.30168176]
[ 12955.26896691]
[ 12916.6569177]
[ 12893.2108363]
[ 12830.88306765]
[ 12853.2489123]
[ 12862.41616748]
[ 12836.96107417]
[ 12867.32048159]
[ 12878.47453734]
[ 12855.43520775]
[ 12826.93119563]
[ 12841.4790504]
[ 12843.09568716]
[ 12828.51988505]
[ 12856.80089272]
[ 12840.13253064]
[ 12983.45799863]
[ 13076.01123351]
[ 12863.57617435]
[ 12924.42050167]
[ 13011.91146021]
[ 12926.75115784]
[ 12922.9576702]
[ 12961.86543511]
[ 12866.69275267]
[ 12972.9843226]
[ 12848.48575113]
[ 12983.29923311]
[ 12874.17246439]
[ 12836.23516801]
[ 12861.6201179]
[ 13030.72390363]
[ 13593.79883861]
[ 15884.63391895]
[ 13562.05232143]
[ 13169.4873808]
[ 13069.69176648]
[ 12959.99501886]
[ 12864.72488656]
[ 12903.5403996]
[ 12849.8220205]
[ 12872.86133731]
[ 12826.83027462]
[ 12837.57253811]
[ 12832.10459339]
[ 12833.31933031]
[ 12841.24494808]
[ 12848.43193732]
[ 12878.26358984]
[ 13114.74481134]
[ 12841.79120793]
[ 12836.54165718]
[ 12831.38031898]
[ 12833.61641713]
[ 12884.06964524]
[ 12953.17694302]
[ 12836.29346273]
[ 12827.03054122]
[ 12822.5215865]
[ 12850.38593033]
[ 12879.84303295]
[ 12854.60911443]
[ 12882.37659102]
[ 12865.14443565]
[ 12882.21912334]
[ 12848.40048727]
[ 12835.75075397]
[ 12826.38657183]
[ 12834.26659834]
[ 12956.52696093]
[ 12880.61573809]
[ 13039.41615912]
[ 12935.31059722]
[ 12828.09718486]
[ 12822.04303984]
[ 12822.81208913]
[ 12822.05866236]
[ 12824.41659044]
[ 12823.64971104]
[ 12821.68197609]
[ 12849.9667245]
[ 12829.97090496]
[ 12824.62567007]
[ 12822.16434981]
[ 12825.81212218]
[ 12824.74048904]
[ 12826.61989708]
[ 12823.05488868]
[ 12827.14108338]
[ 12833.6688704]
[ 12829.94528893]
[ 12837.29766626]
[ 12825.76754392]
[ 12823.62409541]
[ 12822.35377423]
[ 12821.81002289]
[ 12821.89349782]
[ 12822.10816369]
[ 12821.86348453]
[ 12821.51268719]
[ 12822.31267143]
[ 12821.69726009]
[ 12821.71730699]
[ 12822.23004265]
[ 12822.0930592]
[ 12821.74880494]
[ 12822.12777942]
[ 12822.51818386]
[ 12821.77717434]
[ 12821.18446696]
[ 12821.45909106]
[ 12822.01957612]
[ 12822.00172145]
[ 12821.68644517]
[ 12821.61769207]
[ 12821.69015111]
[ 12821.60641789]
[ 12821.48393213]
[ 12821.57433305]
[ 12821.72506276]
[ 12821.58816837]
[ 12821.7241994]
[ 12821.7215306]
[ 12821.73096683]
[ 12821.71431999]
[ 12821.58819606]
[ 12821.33834371]
[ 12821.69672784]
[ 12821.6759621]
[ 12821.64865262]
[ 12821.6541327]
[ 12821.79886622]
[ 12822.1508792]
[ 12822.68769137]
[ 12821.96650971]
[ 12821.82120525]
[ 12821.68814576]
[ 12821.47674645]
[ 12821.68524571]
[ 12821.65544809]
[ 12821.61777142]
[ 12821.65673155]
[ 12821.67828321]
[ 12821.73857381]
[ 12821.70940115]
[ 12821.712115]
[ 12821.73161357]
[ 12821.56077461]
[ 12821.56623963]
[ 12821.61909466]
[ 12821.27041278]
[ 12821.29584691]
[ 12821.26180006]
[ 12821.3028905]
[ 12821.44152425]
[ 12821.35905832]
[ 12821.61657062]
[ 12821.61906212]
[ 12821.45579128]
[ 12821.47942857]
[ 12821.54272657]
[ 12821.56672485]
[ 12821.47532755]
[ 12821.38518303]
[ 12821.64953392]
[ 12821.55559011]
[ 12821.59904631]
[ 12821.66664551]
[ 12821.709985]
[ 12821.61350402]
[ 12821.61072796]
[ 12821.66755242]
[ 12821.66438951]
[ 12821.6585443]
[ 12821.61933339]
[ 12821.6572359]
[ 12821.20199116]
[ 12821.45389124]
[ 12821.56715056]
[ 12821.45423512]
[ 12821.4859457]
[ 12821.49616888]
[ 12821.55582717]
[ 12821.55969058]
[ 12821.42917224]
[ 12821.53776286]
[ 12821.49748475]
[ 12821.53098707]
[ 12821.49444351]
[ 12821.38331224]
[ 12821.37279502]
[ 12821.3204313]
[ 12821.26489711]
[ 12821.36589421]
[ 12821.27261706]
[ 12821.21737497]
[ 12821.31672724]
[ 12821.35691816]
[ 12821.56104787]
[ 12821.469499]
[ 12821.52718446]
[ 12821.61840464]
[ 12821.51351798]
[ 12821.43903523]
[ 12821.29596984]
[ 12821.53931027]
[ 12821.53435114]
[ 12821.43136936]
[ 12821.41860204]
[ 12821.35607208]
[ 12820.94901988]
[ 12821.47962081]
[ 12821.0083297]
[ 12821.20127181]
[ 12821.26336572]
[ 12821.43834237]
[ 12821.46646412]
[ 12821.59822591]
[ 12821.09608425]
[ 12821.29704413]
[ 12821.39788881]
[ 12821.48474215]
[ 12821.50534533]
[ 12821.58193255]
[ 12821.32297738]
[ 12821.32693509]
[ 12821.06831015]
[ 12821.19426312]
[ 12821.00857376]
[ 12821.11415271]
[ 12821.47180586]
[ 12821.33861752]
[ 12821.55735091]
[ 12821.18785551]
[ 12821.39575307]
[ 12821.52557327]
[ 12821.28815283]
[ 12821.43247916]
[ 12821.36035601]
[ 12820.74930485]
[ 12821.41963184]
[ 12821.50162558]
[ 12821.37581479]
[ 12821.44283147]
[ 12821.50928378]
[ 12821.45891888]
[ 12821.32945918]
[ 12821.47359981]
[ 12821.64677331]
[ 12821.58985888]
[ 12821.541229]
[ 12821.45764212]
[ 12821.38740314]
[ 12821.38630939]
[ 12821.36834128]
[ 12821.47517226]
[ 12821.24220662]
[ 12821.26587275]
[ 12821.36500632]
[ 12821.40547731]
[ 12821.54436626]
[ 12821.58973265]
[ 12821.53191523]
[ 12821.20418363]
[ 12821.18846412]
[ 12821.70565744]
[ 12821.66645396]
[ 12822.16376903]
[ 12821.61888492]
[ 12821.54369301]
[ 12821.08346573]
[ 12820.75381682]
[ 12822.6629052]
[ 12822.76001235]
[ 12822.08430468]
[ 12821.80957779]
[ 12821.34541776]
[ 12821.15064625]
[ 12821.36902756]
[ 12821.64052163]
[ 12821.78293791]
[ 12820.99130423]
[ 12821.54766364]
[ 12821.73072329]
[ 12821.71001061]
[ 12821.84605682]
[ 12821.82317568]
[ 12821.79009002]
[ 12821.96494031]
[ 12822.30921659]
[ 12822.4591239]
[ 12822.02827285]
[ 12821.84017106]
[ 12822.25898002]
[ 12823.29561478]
[ 12823.48669541]
[ 12822.94618069]
[ 12823.23315816]
[ 12824.13729351]
[ 12822.67274398]
[ 12822.10307731]
[ 12853.86828839]
[ 12932.25957552]
[ 12953.39666736]
[ 12849.73717109]
[ 12822.96225422]
[ 12830.9005795]
[ 12824.65345416]
[ 12832.42697866]
[ 12833.83374901]
[ 12825.90134852]
[ 12828.99063072]
[ 12829.62513788]
[ 12823.28406651]
[ 12825.36544355]
[ 12823.29292459]
[ 12826.58264707]
[ 12834.14519142]
[ 12832.03079945]
[ 12831.76704462]
[ 12826.53588022]
[ 12836.4263036]
[ 12827.84385504]
[ 12822.71418972]
[ 12826.49230971]
[ 12822.90907568]
[ 12823.48351764]
[ 12824.17804865]
[ 12822.43233404]
[ 12828.33075774]
[ 12824.05109322]
[ 12824.240076]
[ 12824.71561878]
[ 12826.83605309]
[ 12825.52364551]
[ 12825.97648998]
[ 12826.59106739]
[ 12824.38533058]
[ 12843.18651872]
[ 12821.23644394]
[ 12833.21062594]
[ 12842.11728174]
[ 12821.47184311]
[ 12821.7510209]
[ 12822.09660996]
[ 12821.06048236]
[ 12822.54661528]
[ 12833.04506506]
[ 12835.97661748]
[ 12832.53949033]
[ 12981.95132374]
[ 13221.82885145]
[ 13132.53970364]
[ 12874.30781499]
[ 12851.35143525]
[ 12853.05802671]
[ 12838.3335875]
[ 12866.34066723]
[ 12828.89595967]
[ 12827.2911565]
[ 12825.16462343]
[ 12824.99373406]
[ 12824.71135649]
[ 12826.2040239]
[ 12822.78923957]
[ 12834.03035745]
[ 12829.20100965]
[ 12832.27604941]
[ 12857.52813566]
[ 12830.90883621]
[ 12829.43213875]
[ 12838.97121546]
[ 12825.12847134]
[ 12821.58045058]
[ 12822.01000756]
[ 12824.49995209]
[ 12820.95837789]
[ 12823.12962692]
[ 12844.47700772]
[ 12940.63458449]
[ 13001.92471243]
[ 12844.23304372]
[ 12867.02010824]
[ 12871.09902083]
[ 12852.27343634]
[ 12822.51602963]
[ 12824.88910815]
[ 12833.6109839]
[ 12831.10202387]
[ 12843.74436829]
[ 12880.02406018]
[ 12885.03495824]
[ 12842.49675732]
[ 12824.81025038]
[ 12823.8550445]
[ 12839.71516778]
[ 12828.95404605]
[ 12875.81579467]
[ 12861.46973872]
[ 13000.8204052]
[ 12936.08146502]
[ 12952.71216211]
[ 12833.51738905]
[ 12877.999644]
[ 12906.34769926]
[ 12834.08202884]
[ 12862.68859284]
[ 12857.46949218]
[ 12839.81229765]
[ 12827.89538683]
[ 12823.15228934]
[ 12823.00843806]
[ 12824.70389344]
[ 12826.43081278]
[ 12835.7874675]
[ 12830.48120528]
[ 12830.74749592]
[ 12824.25858041]
[ 12821.88472022]
[ 12823.34161086]
[ 12829.7232696]
[ 12823.68679885]
[ 12826.60310914]
[ 12823.95551077]
[ 12821.4638228]
[ 12821.91947991]
[ 12822.53698414]
[ 12880.33004862]
[ 12827.24814229]
[ 12823.7356868]
[ 12822.42899614]
[ 12823.02963187]
[ 12821.71366226]
[ 12822.66115033]
[ 12822.43808733]
[ 12821.89477585]
[ 12821.55002146]
[ 12821.54870162]
[ 12821.66331439]
[ 12821.43543081]
[ 12822.02914925]
[ 12822.41504157]
[ 12821.81919651]
[ 12821.57339653]
[ 12822.02362484]
[ 12822.29144527]
[ 12821.95365828]
[ 12822.17321694]
[ 12827.8091074]
[ 12823.98135849]
[ 12824.1828004]
[ 12822.22667101]
[ 12822.03376617]
[ 12821.36861593]
[ 12821.61889067]
[ 12821.76669685]
[ 12821.20544765]
[ 12821.53285575]
[ 12821.48857761]
[ 12821.65670586]
[ 12821.38347862]
[ 12821.56196471]
[ 12821.64923872]
[ 12821.72724552]
[ 12821.58874261]
[ 12821.66013659]
[ 12821.62201735]
[ 12821.58277028]
[ 12821.65577916]
[ 12821.71315555]
[ 12821.67673662]
[ 12821.68288638]
[ 12821.42763699]
[ 12821.2903986]
[ 12821.19824394]
[ 12821.18940231]
[ 12821.58742671]
[ 12821.68278884]
[ 12821.62850004]
[ 12821.63020213]
[ 12821.55950377]
[ 12821.51473896]
[ 12821.53601334]
[ 12821.48735624]
[ 12821.62170372]
[ 12821.51354286]
[ 12821.40029132]
[ 12821.15112402]
[ 12821.55119573]
[ 12821.18848545]
[ 12821.26446758]
[ 12820.84933375]
[ 12821.51857298]
[ 12821.5486985]
[ 12821.69148372]
[ 12821.62133441]
[ 12821.58127264]
[ 12821.53775092]
[ 12821.57940758]
[ 12821.60653245]
[ 12821.65640919]
[ 12821.32375966]
[ 12821.47800844]
[ 12821.6030866]
[ 12821.52340239]
[ 12821.65788895]
[ 12821.37273688]
[ 12821.51069004]
[ 12821.57381406]
[ 12821.61188227]
[ 12821.54982908]
[ 12821.41802424]
[ 12821.51109428]
[ 12821.60475908]
[ 12821.55061334]
[ 12821.43887038]
[ 12821.28607121]
[ 12821.2158432]
[ 12821.4632109]
[ 12821.58583693]
[ 12821.58062389]
[ 12821.60391337]
[ 12821.67392119]
[ 12821.56345333]
[ 12821.73415099]
[ 12821.46187934]
[ 12821.5072518]
[ 12821.64862267]
[ 12821.60660868]
[ 12821.51952225]
[ 12821.62423552]
[ 12821.5037451]
[ 12821.40892803]
[ 12821.42936926]
[ 12821.5102034]
[ 12821.71693265]
[ 12821.21285323]
[ 12821.4760101]
[ 12821.58607889]
[ 12821.69232371]
[ 12821.59167151]
[ 12821.22132761]
[ 12821.537813]
[ 12821.63640242]
[ 12821.54452692]
[ 12821.66670317]
[ 12821.54167509]
[ 12821.22363449]
[ 12821.44766299]
[ 12821.31129634]
[ 12821.44136843]
[ 12821.38023199]
[ 12821.36589454]
[ 12821.61436244]
[ 12821.63332206]
[ 12821.69328162]
[ 12821.58716551]
[ 12821.61967296]
[ 12821.54686118]
[ 12821.43787153]
[ 12821.57658032]
[ 12821.55489072]
[ 12821.61427748]
[ 12821.56114272]
[ 12821.57492469]
[ 12821.62764539]
[ 12821.56824728]
[ 12821.35647582]
[ 12821.40683903]
[ 12821.49115868]
[ 12821.49147985]
[ 12821.50814228]
[ 12821.57970873]
[ 12821.15788678]
[ 12821.60602387]
[ 12821.59034259]
[ 12821.56043004]
[ 12821.44733637]
[ 12821.67357663]
[ 12821.3523323]
[ 12821.44232341]
[ 12821.46186565]
[ 12821.43550546]
[ 12821.28798506]
[ 12821.42261872]
[ 12821.46059858]
[ 12821.43647473]
[ 12821.54751864]
[ 12821.31032642]
[ 12821.39482204]
[ 12821.55055158]
[ 12821.44033287]
[ 12821.36320038]
[ 12821.14776104]
[ 12821.36361221]
[ 12821.26353554]
[ 12821.08849235]
[ 12821.20873179]
[ 12821.46175304]
[ 12821.46354275]
[ 12821.2134951]
[ 12821.37195944]
[ 12821.48668982]
[ 12821.60342528]
[ 12821.48767785]
[ 12821.44371766]
[ 12821.54631789]
[ 12820.85356771]
[ 12821.22120389]
[ 12821.20861872]
[ 12821.28310475]
[ 12821.55172142]
[ 12821.13802628]
[ 12821.1557654]
[ 12821.47228483]
[ 12821.74775014]
[ 12821.5887726]
[ 12821.71841242]
[ 12821.61971026]
[ 12821.60591525]
[ 12821.15033147]
[ 12822.91197601]
[ 12827.1912814]
[ 12828.5740623]
[ 12821.46317704]
[ 12823.3857939]
[ 12822.88892642]
[ 12822.75677802]
[ 12823.59993117]
[ 12826.91845044]
[ 12822.48563479]
[ 12822.13009152]
[ 12823.16082639]
[ 12823.5954489]
[ 12822.08897819]
[ 12822.85310323]
[ 12820.65090444]
[ 12821.27122071]
[ 12821.41188328]
[ 12830.60876538]
[ 12833.32160543]
[ 12822.46206712]
[ 12821.7371572]
[ 12824.15357581]
[ 12830.66128478]
[ 12829.77895668]
[ 12827.55840839]
[ 12823.59717126]
[ 12822.08307011]
[ 12823.14886999]
[ 12824.3659295]
[ 12823.1390957]
[ 12822.37008046]
[ 12823.81554955]
[ 12824.84246395]
[ 12827.68063314]
[ 12833.64055864]
[ 12833.60934785]
[ 12827.56371931]
[ 12829.36783319]
[ 12823.62278748]
[ 12832.31210666]
[ 12840.66608195]
[ 12840.49562266]
[ 12828.8402604]
[ 12825.49629131]
[ 12829.02149585]
[ 12832.57422247]
[ 12828.28859194]
[ 12825.31928104]
[ 12831.31576671]
[ 12827.29879665]
