[ 11852.92661385]
[ 11817.20726854]
[ 11961.65882303]
[ 11994.27561324]
[ 11847.21878629]
[ 11911.95150215]
[ 12057.89926546]
[ 12080.17086911]
[ 12312.44932866]
[ 12172.5795069]
[ 12050.75731656]
[ 11970.76612157]
[ 12220.05329927]
[ 12069.15472332]
[ 12457.80742926]
[ 12588.25804496]
[ 12085.86388058]
[ 12031.54472394]
[ 12333.78525161]
[ 11956.6233251]
[ 11890.84133339]
[ 11925.89321613]
[ 11880.51625248]
[ 11982.40556521]
[ 12150.60979821]
[ 12230.50519848]
[ 12016.30716365]
[ 12795.35372855]
[ 12209.29894983]
[ 14441.1225494]
[ 17379.32930502]
[ 18507.4571446]
[ 17711.66302046]
[ 13930.28855254]
[ 14447.35278271]
[ 16315.81089117]
[ 13182.18720424]
[ 13139.70157344]
[ 15274.43990874]
[ 16395.38589509]
[ 16905.05454641]
[ 16247.6511309]
[ 13369.10289006]
[ 12328.81217124]
[ 12210.14312215]
[ 12801.93198362]
[ 12328.29570554]
[ 12273.4642504]
[ 13161.11047152]
[ 12287.59049259]
[ 12157.61928805]
[ 12039.12888858]
[ 12026.31559336]
[ 11818.34812825]
[ 11891.83645951]
[ 12059.56218741]
[ 12066.85050836]
[ 12029.15909087]
[ 11849.1061499]
[ 11836.39275835]
[ 11915.50242897]
[ 12431.8585412]
[ 12463.67837128]
[ 12114.62533424]
[ 11938.60490267]
[ 11985.66881138]
[ 11905.37789516]
[ 11922.87477962]
[ 11889.5953697]
[ 11821.13260668]
[ 11852.6771631]
[ 11826.28758012]
[ 11824.30740623]
[ 11817.41965035]
[ 11914.36946711]
[ 11941.79686857]
[ 11798.29016599]
[ 11841.29894379]
[ 11913.04484003]
[ 11829.70139655]
[ 11825.72176813]
[ 11808.56179664]
[ 11803.9717777]
[ 11809.10614436]
[ 11821.01584453]
[ 11805.40136771]
[ 11795.35180348]
[ 11798.269864]
[ 11804.92694012]
[ 11801.30761364]
[ 11867.62259879]
[ 11814.36046265]
[ 11821.30663975]
[ 11800.99722616]
[ 11806.30723066]
[ 11825.86260584]
[ 11808.18013618]
[ 11806.19200059]
[ 11894.23151569]
[ 12006.25652543]
[ 11857.1616326]
[ 11813.85399027]
[ 11798.70250945]
[ 11797.11106617]
[ 11803.02260476]
[ 11799.22129409]
[ 11799.28971859]
[ 11813.10089498]
[ 11812.67254282]
[ 11802.38532624]
[ 13882.50292681]
[ 11800.97587691]
[ 11807.29910233]
[ 11808.40871387]
[ 11808.53068192]
[ 11798.04085293]
[ 11798.93615841]
[ 11800.33580287]
[ 11804.83109723]
[ 11799.23991355]
[ 11802.77263149]
[ 11805.53790171]
[ 11803.35528241]
[ 11802.69631297]
[ 11802.72116245]
[ 11801.31002604]
[ 11800.93698942]
[ 11801.51302746]
[ 11804.68519823]
[ 11801.16511192]
[ 11844.40740236]
[ 11798.80616922]
[ 11797.23509361]
[ 11800.45757948]
[ 11807.23882551]
[ 11801.471875]
[ 11801.8864496]
[ 11802.04305853]
[ 11803.32067767]
[ 11803.60592204]
[ 11838.07123571]
[ 11958.13125114]
[ 11820.47404149]
[ 14460.1686658]
[ 12021.40026305]
[ 11805.48049638]
[ 14031.0679328]
[ 14562.32290067]
[ 14543.4188586]
[ 14581.35123213]
[ 14572.34171692]
[ 11928.26661769]
[ 11802.88837601]
[ 11816.49452998]
[ 11804.29192957]
[ 11804.24151293]
[ 11936.8454647]
[ 14527.95996611]
[ 14654.19971663]
[ 14745.29117185]
[ 14566.73509927]
[ 14580.92442614]
[ 14573.57820122]
[ 14567.65215877]
[ 14565.07491673]
[ 14554.87030877]
[ 14567.90947969]
[ 14583.63716604]
[ 14562.65577037]
[ 11838.3794428]
[ 14242.99565965]
[ 14501.29176473]
[ 14561.4010575]
[ 14570.57819891]
[ 14575.10206241]
[ 14561.96417755]
[ 14606.1950373]
[ 14572.35959059]
[ 14590.36139893]
[ 14595.65073514]
[ 14558.19476918]
[ 14589.72964253]
[ 14594.82380788]
[ 14560.32023019]
[ 14554.08844576]
[ 14567.01453262]
[ 14489.31206982]
[ 14533.56955865]
[ 14589.88075694]
[ 14503.5164484]
[ 12480.38796108]
[ 12080.95493295]
[ 13782.73208849]
[ 14629.43451997]
[ 15272.16723859]
[ 14764.06719802]
[ 14565.37985849]
[ 14699.52849877]
[ 14916.50036747]
[ 14583.9448863]
[ 14587.58376003]
[ 14757.8664722]
[ 14652.02496994]
[ 14666.71336032]
[ 14582.66228614]
[ 14594.78911667]
[ 14693.58226813]
[ 14738.36638671]
[ 14634.51099805]
[ 14565.3870423]
[ 14583.57325013]
[ 14614.48819443]
[ 14607.51904461]
[ 14666.46888402]
[ 14719.47093961]
[ 14682.92833577]
[ 14577.87439786]
[ 14588.26542]
[ 14604.06127075]
[ 14635.62514978]
[ 14794.09283519]
[ 14589.50426108]
[ 14564.98696688]
[ 14585.64585489]
[ 11799.19821812]
[ 11800.72608784]
[ 11802.71936772]
[ 12055.93298395]
[ 11886.38313487]
[ 12623.63768624]
[ 14494.14359849]
[ 14498.54429838]
[ 14292.41622911]
[ 14253.2134352]
[ 14558.67132672]
[ 14460.5338278]
[ 12866.71487365]
[ 11830.35132504]
[ 11803.66756763]
[ 11814.18797228]
[ 11892.26066409]
[ 13797.08414625]
[ 14459.45752521]
[ 12695.66673387]
[ 14537.256329]
[ 14564.78441884]
[ 14567.48171943]
[ 14618.64655215]
[ 14678.69393842]
[ 14563.8022178]
[ 11798.78175011]
[ 14390.37979737]
[ 11801.50959543]
[ 11801.59251146]
[ 11801.04237534]
[ 11806.24118266]
[ 13154.40271123]
[ 11896.02336262]
[ 11966.96650275]
[ 12742.80559429]
[ 12965.9224791]
[ 12006.978609]
[ 14510.47619854]
[ 11803.00998116]
[ 11797.96387375]
[ 11799.23742285]
[ 11798.91351613]
[ 11801.5499752]
[ 11802.37875564]
[ 14340.2127419]
[ 14561.43126737]
[ 14557.61335225]
[ 11800.06595694]
[ 11798.10004157]
[ 11800.10204757]
[ 11800.54473993]
[ 11799.39911631]
[ 11840.4392889]
[ 11801.25151686]
[ 11860.84314906]
[ 11799.01674502]
[ 11804.28129225]
[ 11802.59595106]
[ 11844.56718073]
[ 11797.81984772]
[ 11810.51388393]
[ 11857.65334182]
[ 11805.67082434]
[ 11797.81755063]
[ 11791.27955105]
[ 11803.17379017]
[ 11796.71599553]
[ 11794.78843938]
[ 11796.61358087]
[ 11797.88812838]
[ 11802.18110035]
[ 11798.39702681]
[ 11800.03440502]
[ 11809.79206866]
[ 11813.24981841]
[ 11804.10010069]
[ 11803.04273767]
[ 11817.77356084]
[ 11808.01902309]
[ 11810.58921542]
[ 11804.6792572]
[ 11869.09317345]
[ 12098.47640021]
[ 12285.81512489]
[ 12734.66212993]
[ 11902.67294633]
[ 11936.91149168]
[ 11836.16628031]
[ 12012.13494706]
[ 12208.9113756]
[ 12072.60214505]
[ 12044.8988771]
[ 11940.25212138]
[ 12115.69085603]
[ 13280.70565597]
[ 11819.99902102]
[ 11801.88917768]
[ 11794.81099964]
[ 11803.85308389]
[ 11797.41668693]
[ 11837.81796602]
[ 11851.22642491]
[ 11829.60311507]
[ 11819.27734275]
[ 11880.34738822]
[ 11932.97723622]
[ 11831.1068277]
[ 11829.10609524]
[ 11934.36126755]
[ 12004.47873027]
[ 11865.05508114]
[ 11921.55978217]
[ 12238.42994632]
[ 12075.93644739]
[ 12149.61285608]
[ 12049.03388025]
[ 11879.47427583]
[ 11922.76509276]
[ 12051.92886422]
[ 12284.87368762]
[ 11872.27530564]
[ 12041.86201244]
[ 12309.30546811]
[ 12048.26808218]
[ 12548.98309776]
[ 11937.19607462]
[ 11841.09759972]
[ 11914.20012198]
[ 11818.69848641]
[ 11804.29354883]
[ 12304.79453688]
[ 12095.41352234]
[ 12991.09674171]
[ 11881.61440436]
[ 12393.55626959]
[ 12872.4806854]
[ 12730.44507542]
[ 12294.47362974]
[ 12092.02544952]
[ 11832.25808319]
[ 11857.62782117]
[ 14246.3925333]
[ 13132.23153635]
[ 11987.45964132]
[ 11990.67977478]
[ 12520.69099569]
[ 13166.93624805]
[ 15296.81600009]
[ 11939.03726863]
[ 11990.82750939]
[ 12081.26299799]
[ 12150.50811125]
[ 12010.32036055]
[ 11938.10066653]
[ 12023.66289217]
[ 12139.22627552]
[ 11828.73434374]
[ 11902.59407207]
[ 11980.93287145]
[ 11923.5080938]
[ 11821.62784758]
[ 12750.34813645]
[ 14427.93703617]
[ 15165.60508777]
[ 15312.65186721]
[ 14523.8105526]
[ 12258.13938968]
[ 12079.96608436]
[ 11900.94081957]
[ 11991.02048893]
[ 11828.31895833]
[ 11796.36962505]
[ 11799.86633934]
[ 11800.50180989]
[ 11797.08749047]
[ 11800.74669276]
[ 11802.11628284]
[ 11807.90929689]
[ 11826.82726834]
[ 11920.89907482]
[ 12295.16969116]
[ 13577.3711739]
[ 12643.39551025]
[ 11865.34543609]
[ 11847.61171768]
[ 11852.67249007]
[ 11951.45333431]
[ 12015.96971304]
[ 11823.67299238]
[ 11805.25635804]
[ 11805.89722507]
[ 11817.58011563]
[ 11794.66553293]
[ 11795.99274213]
[ 11804.44373173]
[ 11803.52984591]
[ 11832.08505541]
[ 11816.43379522]
[ 11800.45296318]
[ 11817.70554121]
[ 12063.03419681]
[ 11852.48605538]
[ 11818.29964175]
[ 11809.75626658]
[ 11802.88869458]
[ 11803.10241295]
[ 11804.22690716]
[ 11807.76559572]
[ 11806.74386179]
[ 11803.83977562]
[ 11805.07456894]
[ 11801.9059086]
[ 11803.13537679]
[ 11802.6890802]
[ 11809.78918081]
[ 11811.43234287]
[ 11811.90698453]
[ 11819.90236311]
[ 11805.48333977]
[ 11794.49485232]
[ 11797.00004487]
[ 11809.93826117]
[ 11801.43853848]
[ 11805.20012205]
[ 11804.12007667]
[ 11805.30447154]
[ 11804.59382732]
[ 11808.67198858]
[ 11803.57139096]
[ 11803.75779711]
[ 11801.23163783]
[ 11809.22658744]
[ 11800.10157461]
[ 11800.58250827]
[ 11801.18068896]
[ 11803.71068535]
[ 11801.49076666]
[ 11797.4482597]
[ 11800.18425904]
[ 11801.37231483]
[ 11793.09615809]
[ 11799.41179073]
[ 11802.17963613]
[ 11806.1368356]
[ 11799.59693734]
[ 11800.25798759]
[ 11800.56013896]
[ 11804.4908469]
[ 11804.08110843]
[ 11800.54782072]
[ 11801.46057347]
[ 11801.78269409]
[ 11803.42695357]
[ 11801.63635029]
[ 11801.65462754]
[ 11803.42100734]
[ 11803.44668163]
[ 11800.10729447]
[ 12267.7668136]
[ 11824.78220386]
[ 11805.28118879]
[ 11801.33386185]
[ 11849.85181764]
[ 11820.78982744]
[ 12306.82545533]
[ 14390.07469421]
[ 14569.09813117]
[ 14575.23680231]
[ 14571.04037132]
[ 11936.21129186]
[ 11801.62548903]
[ 11810.0343091]
[ 14315.62015992]
[ 11805.60312581]
[ 14402.13695389]
[ 11823.46481471]
[ 11832.44757405]
[ 11804.09289752]
[ 11802.94762277]
[ 11966.3535381]
[ 13055.8450318]
[ 14562.29570712]
[ 14562.73297954]
[ 14513.83043023]
[ 13793.47329816]
[ 14113.85521042]
[ 14567.74779666]
[ 14565.32477412]
[ 14570.85945402]
[ 14666.72165753]
[ 14571.1339758]
[ 14591.88082081]
[ 14557.60408544]
[ 14574.91847305]
[ 14576.44338961]
[ 14583.11418581]
[ 14585.80573779]
[ 14618.79307422]
[ 14623.56046598]
[ 14628.33061718]
[ 14738.74711861]
[ 14582.05240903]
[ 14582.92560248]
[ 14585.87277494]
[ 14615.71376744]
[ 15037.67388673]
[ 14666.98103667]
[ 14568.80186619]
[ 14575.01231253]
[ 14589.27988084]
[ 14612.04163814]
[ 14584.87843817]
[ 14799.62959242]
[ 15278.52057515]
[ 14585.20934251]
[ 14546.63801349]
[ 14564.62369646]
[ 14566.28921108]
[ 14561.99668123]
[ 14588.50325977]
[ 14600.55459528]
[ 14572.17633807]
[ 14581.6350578]
[ 14686.02610211]
[ 14617.20773287]
[ 14609.7720643]
[ 14565.26571051]
[ 12439.26355608]
[ 14542.78082722]
[ 14569.11439768]
[ 14570.61425881]
[ 14795.31708646]
[ 14566.80936382]
[ 14565.4961806]
[ 14576.50218593]
[ 12146.19957036]
[ 13237.40843426]
[ 14415.5956885]
[ 14507.46382841]
[ 14554.88954829]
[ 14462.88378889]
[ 14562.86493587]
[ 14573.6072362]
[ 14571.80411044]
[ 14560.38021667]
[ 12852.5991391]
[ 12390.6483587]
[ 11954.54287581]
[ 11980.8451858]
[ 14574.97400251]
[ 14505.14466509]
[ 14534.53327093]
[ 11983.40103338]
[ 11927.0983556]
[ 12779.39562064]
[ 11941.90379336]
[ 11814.52833815]
[ 11812.70484792]
[ 11806.8323629]
[ 11849.72955219]
[ 12289.13483375]
[ 13970.60824307]
[ 14580.54243506]
[ 14562.86765839]
[ 14564.78708406]
[ 14583.05814123]
[ 14665.66369177]
[ 12610.62141342]
[ 11802.7611]
[ 11801.67974921]
[ 11802.47918377]
[ 11800.27779804]
[ 11801.29237572]
[ 11796.3618332]
[ 11867.67333379]
[ 11802.86364684]
[ 11802.19761936]
[ 12024.1187972]
[ 13945.15409683]
[ 11893.33571008]
[ 12023.51842018]
[ 12223.685303]
[ 12474.62287306]
[ 11833.83128246]
[ 12197.29004153]
[ 11816.60988074]
[ 11802.53975562]
[ 13683.31330956]
[ 14555.82778284]
[ 11863.36144632]
[ 11801.88374318]
[ 11802.55942366]
[ 11800.99622734]
[ 11802.80029531]
[ 11798.80361998]
[ 14507.46710897]
[ 11802.29380343]
[ 11801.1733331]
[ 11799.10776446]
[ 11803.60876272]
[ 11803.2137145]
[ 11798.00335264]
[ 11802.32348722]
[ 11804.2929]
[ 11798.68039258]
[ 11934.92328976]
[ 11882.95059168]
[ 12076.86463929]
[ 11812.12888214]
[ 11807.86000989]
[ 12444.00429986]
[ 11846.14507357]
[ 11907.10230421]
[ 12253.91168212]
[ 12161.69180563]
[ 12127.99734019]
[ 12683.99697202]
[ 13551.23926422]
[ 13056.54270294]
[ 12091.57952417]
[ 11948.6547656]
[ 11814.09950707]
[ 11880.49626522]
[ 11941.64151858]
[ 12035.39796316]
[ 11992.1073004]
[ 12078.52635283]
[ 11927.70212396]
[ 11970.60684252]
[ 11980.49548789]
[ 11886.83528789]
[ 12040.46458599]
[ 11975.13275229]
[ 11944.96231226]
[ 11897.98530012]
[ 11869.40184732]
[ 11912.59231526]
[ 11831.1587326]
[ 11883.17639086]
[ 11824.20199505]
[ 11819.99379779]
[ 11918.63869183]
[ 11796.87796303]
[ 11809.16265007]
[ 11828.70830971]
[ 11809.85083286]
[ 11822.64470919]
[ 11994.06987578]
[ 11803.19021879]
[ 11800.23796099]
[ 11804.64714621]
[ 11834.5815087]
[ 11857.043058]
[ 11872.89302588]
[ 11882.69032066]
[ 11998.93693823]
[ 11808.67851574]
[ 11838.43345344]
[ 11870.95426851]
[ 11954.6337575]
[ 12124.31674558]
[ 12169.80902011]
[ 11842.2490834]
[ 11840.62621965]
[ 11805.15404016]
[ 11862.97111085]
[ 11893.04938307]
[ 11995.65781283]
[ 12692.35488449]
[ 12194.9595042]
[ 11842.00610031]
[ 11874.19306823]
[ 11828.16258224]
[ 11815.98824674]
[ 11847.40077916]
[ 12344.10453004]
[ 12381.27285414]
[ 12594.33426116]
[ 12102.5949957]
[ 11899.90114674]
[ 11938.06721953]
[ 11859.49460625]
[ 11821.64658312]
[ 11865.49045667]
[ 11864.99915518]
[ 11947.99508657]
[ 11832.47427639]
[ 11804.50200193]
[ 11814.14850369]
[ 11848.46919046]
[ 11837.31646779]
[ 11890.08677632]
[ 11805.54348824]
[ 11902.72658956]
[ 12006.70061207]
[ 11844.52004403]
[ 12083.91282908]
[ 12215.31221717]
[ 11861.65179983]
[ 11885.78802318]
[ 11934.66910156]
[ 12238.56898225]
[ 11881.75145811]
[ 11826.08138643]
[ 11875.94303868]
[ 11832.29832008]
[ 11815.60024234]
[ 11851.94541294]
[ 11962.38227711]
[ 11890.07763383]
[ 11997.3779573]
[ 11865.07569195]
[ 11926.50519531]
[ 11910.25812769]
[ 11893.6056908]
[ 11858.88570064]
[ 11911.29457315]
[ 11822.98840872]
[ 11811.16343255]
[ 11870.75247669]
[ 11827.9499716]
[ 11807.14501156]
[ 11832.49686715]
[ 11836.24560177]
[ 11811.37018818]
[ 11820.5560319]
[ 11813.16588576]
[ 11811.95503165]
[ 11947.16103737]
[ 12089.30543413]
[ 11905.79807524]
[ 11806.90994279]
[ 11800.81454668]
[ 11799.25116065]
[ 11803.99649672]
[ 11804.18093668]
[ 11808.00106739]
[ 11809.5797914]
[ 11803.76491684]
[ 11801.58151545]
[ 11803.89637921]
[ 11803.86252153]
[ 11801.64768494]
[ 11802.30903011]
[ 11803.16775884]
[ 11802.01320066]
[ 11803.20353639]
[ 11804.9971641]
[ 11807.6940217]
[ 11804.01255921]
[ 11798.5394909]
[ 11798.21183002]
[ 11801.29177259]
[ 11800.81330364]
[ 11802.76364668]
[ 11800.54690724]
[ 11803.93157717]
[ 11799.21887023]
[ 11801.66849949]
[ 11799.29417426]
[ 11797.57819606]
[ 11801.40400204]
[ 11803.24560413]
[ 11805.08077747]
[ 11803.30756487]
[ 11803.7800936]
[ 11802.00201618]
[ 11802.83317101]
[ 11801.79108179]
[ 11802.50902319]
[ 11804.10826224]
[ 11800.64420033]
[ 11803.54739195]
[ 11803.91410488]
[ 11803.1839256]
[ 11803.8506282]
[ 11801.55694595]
[ 11800.19522003]
[ 11803.6696835]
[ 11830.67100489]
[ 11801.33570209]
[ 11801.97359331]
[ 11803.17066074]
[ 11801.4400199]
[ 11801.42564571]
[ 11802.1731247]
[ 11799.87730767]
[ 11801.48244694]
[ 11803.82605284]
[ 11801.18105482]
[ 11802.1429219]
[ 12146.41158128]
[ 12396.45958843]
[ 14566.34585266]
[ 14567.01468061]
[ 14548.88281094]
[ 13627.68582421]
[ 14565.49364076]
[ 14561.03662833]
[ 14510.35428454]
[ 14565.04127336]
[ 13478.06546405]
[ 11841.11285675]
[ 11838.03414943]
[ 11806.91777482]
[ 14514.88792043]
[ 14360.90794979]
[ 14515.76029037]
[ 14582.55730572]
[ 14607.81031111]
[ 14573.10336589]
[ 14562.25476313]
[ 13805.39793019]
[ 14528.09779235]
[ 14568.01597873]
[ 14563.74291504]
[ 14575.62124639]
[ 14644.58390639]
[ 14594.23849608]
[ 14406.60687609]
[ 13869.93801621]
[ 14583.76293127]
[ 14496.82828681]
[ 14546.04256431]
[ 13091.46649408]
[ 12029.23535054]
[ 12260.85742165]
[ 13182.71506238]
[ 14573.84817458]
[ 14557.85818505]
[ 14567.14210214]
[ 14568.06703708]
[ 14573.62930094]
[ 14918.03833316]
[ 14680.29448269]
[ 14571.03542201]
[ 14568.32744373]
[ 14511.4804369]
[ 14578.08696804]
[ 14613.42058041]
[ 14608.24962345]
[ 14573.06333057]
[ 14603.06389055]
[ 14598.20477014]
[ 14669.92613346]
[ 14578.57881785]
[ 14571.02662031]
[ 14577.24196808]
[ 14625.34657942]
[ 14610.25340996]
[ 14613.74621236]
[ 14656.69592059]
[ 14617.76332363]
[ 15358.16933364]
[ 15043.25987278]
[ 15075.1255516]
[ 14576.44104944]
[ 14552.90662159]
[ 11880.57636357]
[ 11860.3334609]
[ 14368.55059842]
[ 14564.97820189]
[ 14592.41023548]
[ 11804.27178009]
[ 14582.07561114]
[ 14595.01707297]
[ 14562.84896324]
[ 14541.32011265]
[ 14566.24438115]
[ 14572.99185263]
[ 14616.63175384]
[ 14572.76894897]
[ 14565.47896262]
[ 14569.88336851]
[ 14578.36790027]
[ 14576.55660418]
[ 14569.41211135]
[ 14636.07536942]
[ 14591.13612237]
[ 14680.72318294]
[ 14601.27486081]
[ 14622.15835043]
[ 14587.78479418]
[ 14589.92130004]
[ 14565.84343336]
[ 14610.10442352]
[ 14590.66923734]
[ 14626.37833259]
[ 14577.13532667]
[ 14601.86951832]
[ 14673.60371403]
[ 14619.32994092]
[ 14564.32333749]
[ 12999.40608614]
[ 14244.40999875]
[ 11800.30586858]
[ 11804.36305492]
[ 11803.99643079]
[ 13247.0490173]
[ 14462.32927252]
[ 14460.72279442]
[ 11827.69416007]
[ 11803.09324523]
[ 11806.03665932]
[ 11971.8078175]
[ 14484.24383475]
[ 12039.6943789]
[ 11938.4777581]
[ 12660.80153586]
[ 13519.58857927]
[ 14573.23373724]
[ 14567.67789276]
[ 11802.05325625]
[ 11801.15029951]
[ 11820.42415029]
[ 12043.87462761]
[ 12332.46216568]
[ 12319.76634991]
[ 11805.2401842]
[ 11814.05821093]
[ 11802.64981807]
[ 11802.27053344]
[ 11803.62883765]
[ 11804.17472113]
[ 11803.39109067]
[ 11802.17938081]
[ 11801.30832369]
[ 11802.27454663]
[ 11800.70681334]
[ 11800.9198964]
[ 11797.85843387]
[ 11838.41310446]
[ 11812.35787945]
[ 11804.65484322]
[ 11799.25912645]
[ 11796.73052903]
[ 11799.84586524]
[ 11811.94817398]
[ 11801.24302804]
[ 11804.67114973]
[ 11799.32318022]
[ 11795.15929321]
[ 11794.56507947]
[ 11808.82812237]
[ 11818.5436891]
[ 11817.05624094]
[ 11802.50039738]
[ 11800.31186205]
[ 11800.48141346]
[ 11803.40998028]
[ 11799.52208375]
[ 11798.460229]
[ 11796.28133465]
[ 11796.19768275]
[ 11796.31969245]
[ 11800.20223598]
[ 11846.2290394]
[ 11836.33582238]
[ 11841.96396215]
[ 11871.89031917]
[ 12001.78239482]
[ 12204.4066292]
[ 11944.83097878]
[ 11909.96245255]
[ 12022.67774004]
[ 11826.47907854]
[ 11948.22697125]
[ 11903.17778371]
[ 11845.51325912]
[ 11921.93343318]
[ 11925.68564573]
[ 11913.74050362]
[ 11804.19167388]
[ 11825.83812755]
[ 11850.9647763]
[ 11959.83191956]
[ 12008.46593189]
[ 12016.76268996]
[ 11977.98810419]
[ 12078.97089987]
[ 12256.78298056]
[ 11890.56927006]
[ 11913.6440294]
[ 12583.8425384]
[ 12361.09379236]
[ 12238.42264409]
[ 11865.10783687]
[ 12013.14403418]
[ 12088.55568538]
[ 11906.95863329]
[ 12103.56052813]
[ 12161.65645756]
[ 12027.99164991]
[ 11837.16824219]
[ 11937.09418015]
[ 11949.04395647]
[ 11848.82696281]
[ 12033.27086518]
[ 11926.08454929]
[ 12681.72435735]
[ 13035.8825047]
[ 12118.3391169]
[ 12551.0293414]
[ 12874.92462515]
[ 12464.92699438]
[ 12420.18592786]
[ 12600.69119901]
[ 12139.01555513]
[ 12776.09617512]
[ 11987.32043369]
[ 12775.20411076]
[ 12190.35610778]
[ 11904.86959289]
[ 12064.73283977]
[ 13061.88998007]
[ 14710.0063743]
[ 17338.67066699]
[ 14451.68814325]
[ 13432.46827175]
[ 13068.63303389]
[ 12552.74445429]
[ 12077.83470656]
[ 12306.03390567]
[ 11994.57227554]
[ 12125.47256794]
[ 11833.48529752]
[ 11911.77453346]
[ 11875.71709826]
[ 11890.21906663]
[ 11939.2930475]
[ 11980.15857276]
[ 12183.23863131]
[ 13242.1713237]
[ 11932.34349883]
[ 11909.3614268]
[ 11869.67228654]
[ 11888.71543203]
[ 12196.78023507]
[ 12568.28027788]
[ 11902.21683844]
[ 11836.53200607]
[ 11805.30798339]
[ 12005.00668514]
[ 12182.99684591]
[ 12019.38335988]
[ 12175.28706548]
[ 12085.99040185]
[ 12180.51145257]
[ 11980.87103052]
[ 11897.87705774]
[ 11832.50052697]
[ 11886.88077742]
[ 12645.61953387]
[ 12178.06467761]
[ 13015.30268575]
[ 12449.56918968]
[ 11843.12494903]
[ 11798.48275066]
[ 11801.78375248]
[ 11798.36874204]
[ 11815.63831173]
[ 11810.99850944]
[ 11797.29137347]
[ 12012.42617591]
[ 11855.90372513]
[ 11819.48176015]
[ 11803.67493181]
[ 11826.69830769]
[ 11819.46501352]
[ 11833.03633162]
[ 11808.50838674]
[ 11836.76890484]
[ 11882.45324956]
[ 11857.90611412]
[ 11908.49727691]
[ 11830.47826268]
[ 11812.97133464]
[ 11804.70222137]
[ 11801.33003818]
[ 11803.35743958]
[ 11806.00830694]
[ 11803.7035485]
[ 11798.53711636]
[ 11803.7088428]
[ 11801.43622927]
[ 11800.5950509]
[ 11804.52016711]
[ 11804.52770717]
[ 11800.64429626]
[ 11803.11305499]
[ 11804.94332291]
[ 11799.52422921]
[ 11796.52328743]
[ 11798.36206117]
[ 11802.81354792]
[ 11802.51300875]
[ 11804.64488418]
[ 11803.41863857]
[ 11837.31432021]
[ 13286.00682184]
[ 11802.00988749]
[ 11801.85626107]
[ 11801.9673129]
[ 11803.1962238]
[ 11803.41246492]
[ 11804.38071756]
[ 11806.44867021]
[ 11804.22924285]
[ 12551.64470984]
[ 11799.22464217]
[ 11802.24608789]
[ 11803.80078956]
[ 11802.35603795]
[ 11801.72096011]
[ 11799.53469448]
[ 11802.35632647]
[ 11806.18530317]
[ 11804.33162736]
[ 11802.65892627]
[ 11803.22129887]
[ 11801.13246595]
[ 11801.64210553]
[ 11801.75204009]
[ 11803.37695357]
[ 11803.92338098]
[ 11804.88395865]
[ 11811.9879327]
[ 11818.45118831]
[ 11806.46122985]
[ 11812.27380886]
[ 13211.45021004]
[ 13335.72710709]
[ 14564.42444789]
[ 14665.07254861]
[ 14555.41620525]
[ 14087.77013529]
[ 14559.9686562]
[ 11812.528781]
[ 11819.136268]
[ 11805.51232001]
[ 11808.328374]
[ 12390.95609436]
[ 13126.74803046]
[ 12009.55717311]
[ 13153.42979703]
[ 14566.7378095]
[ 14570.28494609]
[ 14521.32746243]
[ 12910.72646074]
[ 11913.25792937]
[ 14560.86767064]
[ 14623.16204467]
[ 15138.40177629]
[ 15107.83779031]
[ 15287.75363154]
[ 14630.76621224]
[ 14635.32653176]
[ 14574.94921184]
[ 14595.74316214]
[ 14629.76811692]
[ 14569.35402186]
[ 14581.26492488]
[ 14571.91123102]
[ 14592.75940595]
[ 14575.79583797]
[ 14576.51177662]
[ 14578.63588508]
[ 14617.48107826]
[ 14695.44226821]
[ 14619.05306563]
[ 14695.4388894]
[ 14790.65900817]
[ 15239.69842233]
[ 15066.84360066]
[ 14717.79674036]
[ 14928.67665075]
[ 14587.34926432]
[ 14865.15792487]
[ 15531.69345643]
[ 14818.57938172]
[ 14664.63724836]
[ 14580.32480503]
[ 14790.04164865]
[ 14601.31201952]
[ 14617.66254406]
[ 14786.5243014]
[ 15136.31382763]
[ 14786.65617225]
[ 14601.93911673]
[ 14565.94464508]
[ 14657.37366852]
[ 14637.18943845]
[ 14722.87922]
[ 12781.65395673]
[ 12376.65972908]
[ 14562.61040184]
[ 14573.28967324]
[ 14600.57336207]
[ 14565.04435972]
[ 14563.22628881]
[ 14583.18097915]
[ 15115.08975966]
[ 14616.65863981]
[ 14620.86532476]
[ 14568.13796205]
[ 14565.70257747]
[ 14571.68594158]
[ 14586.95589902]
[ 14596.8535232]
[ 14675.39889485]
[ 14553.80620192]
[ 14574.25273301]
[ 13147.40186667]
[ 12333.39054684]
[ 12183.61958459]
[ 12064.25882083]
[ 11802.31734951]
[ 14568.41636686]
[ 14570.84635747]
[ 14571.52601895]
[ 14566.96318354]
[ 13773.23651176]
[ 14829.64149879]
[ 14433.42924052]
[ 11808.76357588]
[ 13300.61395327]
[ 11835.30106907]
[ 11803.27292748]
[ 11831.21422951]
[ 11800.24234043]
[ 11801.13351826]
[ 11802.76014116]
[ 11803.33459188]
[ 11803.21172302]
[ 11808.05074224]
[ 11800.33058525]
[ 11800.5356694]
[ 11894.50495626]
[ 11801.96245802]
[ 14586.9804684]
[ 14566.36410446]
[ 11848.23827191]
[ 11799.82100753]
[ 11800.33872636]
[ 11801.61976659]
[ 11801.87279338]
[ 12504.72380971]
[ 11800.52932561]
[ 11796.81601672]
[ 11800.26346174]
[ 11803.07067854]
[ 11801.62907183]
[ 11802.05460486]
[ 12248.35518315]
[ 11805.73924711]
[ 11804.09406355]
[ 11805.99799064]
[ 11803.55671176]
[ 11801.45595188]
[ 11798.11283669]
[ 11797.61624227]
[ 11799.25417108]
[ 11799.93485766]
[ 11801.48868708]
[ 11796.22107399]
[ 11798.91835875]
[ 11800.44457248]
[ 11800.49967408]
[ 11801.30652323]
[ 11801.35843753]
[ 11801.50201166]
[ 11801.84695483]
[ 11804.28267287]
[ 11805.06220299]
[ 11802.27281244]
[ 11800.6283978]
[ 11804.40595952]
[ 11811.49507066]
[ 11812.69958711]
[ 11809.69376368]
[ 11812.07991208]
[ 11817.47114791]
[ 11807.44006096]
[ 11801.37336928]
[ 12017.84453543]
[ 12497.10983252]
[ 12559.31311521]
[ 11982.06512107]
[ 11804.33810084]
[ 11862.77839473]
[ 11819.88276563]
[ 11876.08711951]
[ 11885.41784636]
[ 11829.83133687]
[ 11852.11166526]
[ 11856.42614233]
[ 11810.42522556]
[ 11826.06668458]
[ 11810.90266953]
[ 11834.66344703]
[ 11888.35694008]
[ 11873.56689756]
[ 11870.83756331]
[ 11833.17973125]
[ 11901.5007334]
[ 11842.98115718]
[ 11807.59837072]
[ 11833.35693911]
[ 11806.54019001]
[ 11810.04685803]
[ 11815.92076014]
[ 11805.01968544]
[ 11847.30491468]
[ 11814.91388803]
[ 11817.06097972]
[ 11821.17271627]
[ 11836.79727271]
[ 11826.86746366]
[ 11829.28758281]
[ 11833.16394348]
[ 11818.73382231]
[ 11944.816259]
[ 11795.06020248]
[ 11876.50797991]
[ 11937.24982718]
[ 11795.18980382]
[ 11798.89064978]
[ 11799.63131615]
[ 11792.07260118]
[ 11803.79787947]
[ 11878.38174553]
[ 11900.10450918]
[ 11874.60083171]
[ 12824.06288537]
[ 13679.79821166]
[ 13263.3195018]
[ 12130.12091662]
[ 11998.0256437]
[ 12005.96248963]
[ 11913.51567849]
[ 12093.40504991]
[ 11851.17369561]
[ 11839.41425614]
[ 11824.37775825]
[ 11823.91220692]
[ 11820.44791141]
[ 11830.67445305]
[ 11809.3589619]
[ 11887.73689991]
[ 11852.63238496]
[ 11876.47434197]
[ 12037.33707489]
[ 11863.76917252]
[ 11853.13186146]
[ 11919.20321414]
[ 11821.70348145]
[ 11796.85046146]
[ 11799.81892211]
[ 11816.80917093]
[ 11795.37997096]
[ 11805.81584456]
[ 11965.157603]
[ 12518.37585231]
[ 12770.67115158]
[ 11956.18920406]
[ 12108.61574798]
[ 12117.17625594]
[ 12000.60679303]
[ 11804.8187912]
[ 11821.01095455]
[ 11881.58888025]
[ 11863.77431032]
[ 11946.53791368]
[ 12174.02652722]
[ 12203.28753067]
[ 11944.82449373]
[ 11823.22857906]
[ 11810.21645789]
[ 11919.64258234]
[ 11847.0992574]
[ 12164.13927436]
[ 12057.6990386]
[ 12814.27304849]
[ 12452.00349638]
[ 12663.51580105]
[ 11882.77556106]
[ 12171.53084743]
[ 12306.4731467]
[ 11886.38099981]
[ 12069.35895995]
[ 12036.63113992]
[ 11924.74685434]
[ 11841.60891621]
[ 11808.64313208]
[ 11804.61804725]
[ 11817.94912677]
[ 11829.66330969]
[ 11894.31253638]
[ 11859.58044864]
[ 11862.70439544]
[ 11815.92844088]
[ 11801.41864509]
[ 11810.23586819]
[ 11856.60327779]
[ 11811.51429184]
[ 11832.26280951]
[ 11812.85062321]
[ 11794.43453208]
[ 11798.44917077]
[ 11804.73375337]
[ 12218.33094872]
[ 11836.91061486]
[ 11813.86788401]
[ 11804.84792391]
[ 11808.3544929]
[ 11800.884412]
[ 11805.66502697]
[ 11805.84877858]
[ 11801.02419774]
[ 11799.88322936]
[ 11799.85507574]
[ 11798.35251378]
[ 11800.12439584]
[ 11800.96555125]
[ 11803.41276589]
[ 11801.51499376]
[ 11799.40553338]
[ 11799.15994915]
[ 11802.33674731]
[ 11801.62118393]
[ 11800.95794052]
[ 11841.54494197]
[ 11816.86549221]
[ 11818.23709477]
[ 11805.19280994]
[ 11804.703253]
[ 11796.82590747]
[ 11794.94033112]
[ 11798.97605012]
[ 11801.11308292]
[ 11801.36136011]
[ 11797.61844306]
[ 11799.1489726]
[ 11798.14241681]
[ 11800.43448247]
[ 11801.33102972]
[ 11801.32870284]
[ 11800.34886076]
[ 11800.24527811]
[ 11802.43708253]
[ 11800.10094225]
[ 11801.23160813]
[ 11802.21477435]
[ 11799.74586328]
[ 11800.38338146]
[ 11800.35649182]
[ 11800.24141573]
[ 12103.09212654]
[ 11864.57954481]
[ 11802.31885919]
[ 11801.49722411]
[ 11805.09651286]
[ 11803.3681223]
[ 11812.98324835]
[ 11802.68505933]
[ 11926.87040128]
[ 13692.27061225]
[ 13986.00914108]
[ 14345.46546127]
[ 14558.34022528]
[ 14556.47862383]
[ 14573.84799377]
[ 14586.47525006]
[ 14582.41895875]
[ 14583.87769911]
[ 12349.25282096]
[ 11802.38858357]
[ 11804.0613123]
[ 11802.81376579]
[ 11802.81729606]
[ 11858.62447298]
[ 12634.89778407]
[ 11976.84638946]
[ 14500.70382962]
[ 14570.602648]
[ 14561.29679341]
[ 14532.72185382]
[ 14566.15811231]
[ 14567.28942567]
[ 14641.11112417]
[ 14577.9050865]
[ 14639.43352893]
[ 14577.03222812]
[ 14574.66798773]
[ 14631.41506527]
[ 14844.59834749]
[ 14602.54072015]
[ 14568.78644339]
[ 14576.20026596]
[ 14560.64921016]
[ 13369.75919021]
[ 12141.06721959]
[ 11827.52368745]
[ 13304.47535826]
[ 14522.51663936]
[ 12224.72836654]
[ 14560.46311104]
[ 14637.02811214]
[ 14606.16554367]
[ 14601.85047255]
[ 14570.38973607]
[ 14569.34958225]
[ 14568.31457438]
[ 14567.4415582]
[ 14592.67910018]
[ 14675.04714184]
[ 14569.28346284]
[ 14572.1460522]
[ 14577.6416981]
[ 14616.29274451]
[ 14561.0871549]
[ 14562.87074754]
[ 14532.49710878]
[ 14543.92652157]
[ 14571.08308787]
[ 12958.64083241]
[ 12092.53805446]
[ 11983.58090347]
[ 14466.96799082]
[ 14396.44008079]
[ 14560.79431505]
[ 14511.10944607]
[ 14642.59206727]
[ 14573.18207507]
[ 14595.38156298]
[ 14592.8754728]
[ 14558.72369851]
[ 14563.72933145]
[ 14461.32854418]
[ 14286.03498546]
[ 14528.32066783]
[ 14517.27963257]
[ 14565.58247336]
[ 14566.32896508]
[ 14565.41751773]
[ 14268.28223293]
[ 14541.75800786]
[ 14572.15373366]
[ 14583.15830234]
[ 14589.02012669]
[ 14565.03767063]
[ 14565.41835951]
[ 14569.64888686]
[ 14564.10972617]
[ 14560.9183913]
[ 14566.53493444]
[ 14585.78205134]
[ 11803.84682296]
[ 11810.14368391]
[ 11806.21214196]
[ 11800.3667475]
[ 11804.57552697]
[ 11807.62389893]
[ 12165.98261553]
[ 14471.27626386]
[ 14523.63128961]
[ 13787.70263177]
[ 11838.6641965]
[ 11859.54991241]
[ 12025.24499454]
[ 11836.85947681]
[ 13016.10618083]
[ 12163.1469025]
[ 12229.25543019]
[ 12198.38947257]
[ 13625.20331566]
[ 11798.54966592]
[ 11928.96867578]
[ 13792.97527562]
[ 11820.15927584]
[ 11797.42093573]
[ 11800.37509024]
[ 11800.88315788]
[ 11857.13035291]
[ 11799.50474042]
[ 11801.38481623]
[ 11803.26391868]
[ 12314.80258659]
[ 11800.58850814]
[ 11800.60756488]
[ 11792.57836081]
[ 11795.17620042]
[ 11806.20715408]
[ 11804.44372656]
[ 11825.20870847]
[ 14550.80197538]
[ 11935.44696875]
[ 11800.20407933]
[ 11801.74297478]
[ 11801.76823794]
[ 11801.33071166]
[ 11801.21823115]
[ 11801.26967398]
[ 11804.31029294]
[ 11807.249704]
[ 11835.78483995]
[ 11846.00580287]
[ 11797.57122045]
[ 11809.95196717]
[ 11807.80205156]
[ 11806.2794582]
[ 11812.0924801]
[ 11835.43204996]
[ 11800.51313617]
[ 11798.7588942]
[ 11807.42028765]
[ 11811.51299295]
[ 11802.08357472]
[ 11805.77136061]
[ 11797.09102951]
[ 11798.31938044]
[ 11799.40338846]
[ 11860.29857135]
[ 11879.00045083]
[ 11803.62453486]
[ 11798.7494176]
[ 11813.56771009]
[ 11862.91724747]
[ 11855.52432802]
[ 11840.35843782]
[ 11810.83055783]
[ 11799.37374178]
[ 11807.57746119]
[ 11817.08299438]
[ 11808.1421474]
[ 11804.26954515]
[ 11814.25748073]
[ 11821.10914448]
[ 11841.47934578]
[ 11883.09499865]
[ 11882.57884483]
[ 11839.91138555]
[ 11852.78435127]
[ 11809.83562201]
[ 11875.90512742]
[ 11943.2742931]
[ 11934.52286792]
[ 11850.79395354]
[ 11824.94108734]
[ 11852.30030762]
[ 11877.85484812]
[ 11846.92486096]
[ 11826.42484711]
[ 11868.35967304]
[ 11839.66174933]
